Ticker,Date,Open,High,Low,Close,Volume
USDJPY,1995-01-03,100.7134,100.7134,100.7134,100.7134,0
USDJPY,1995-01-04,101.5951,101.5951,101.5951,101.5951,0
USDJPY,1995-01-05,101.1643,101.1643,101.1643,101.1643,0
USDJPY,1995-01-06,101.565,101.565,101.565,101.565,0
USDJPY,1995-01-09,100.523,100.523,100.523,100.523,0
USDJPY,1995-01-10,100.5932,100.5932,100.5932,100.5932,0
USDJPY,1995-01-11,100.0922,100.0922,100.0922,100.0922,0
USDJPY,1995-01-12,98.9901,98.9901,98.9901,98.9901,0
USDJPY,1995-01-13,98.96,98.96,98.96,98.96,0
USDJPY,1995-01-17,99.1905,99.1905,99.1905,99.1905,0
USDJPY,1995-01-18,99.7415,99.7415,99.7415,99.7415,0
USDJPY,1995-01-19,99.6213,99.6213,99.6213,99.6213,0
USDJPY,1995-01-20,99.5912,99.5912,99.5912,99.5912,0
USDJPY,1995-01-23,99.9419,99.9419,99.9419,99.9419,0
USDJPY,1995-01-24,99.8317,99.8317,99.8317,99.8317,0
USDJPY,1995-01-25,99.7916,99.7916,99.7916,99.7916,0
USDJPY,1995-01-26,99.5011,99.5011,99.5011,99.5011,0
USDJPY,1995-01-27,99.5411,99.5411,99.5411,99.5411,0
USDJPY,1995-01-30,98.5893,98.5893,98.5893,98.5893,0
USDJPY,1995-01-31,99.6213,99.6213,99.6213,99.6213,0
USDJPY,1995-02-01,99.5912,99.5912,99.5912,99.5912,0
USDJPY,1995-02-02,99.6914,99.6914,99.6914,99.6914,0
USDJPY,1995-02-03,99.9419,99.9419,99.9419,99.9419,0
USDJPY,1995-02-06,99.491,99.491,99.491,99.491,0
USDJPY,1995-02-07,99.6113,99.6113,99.6113,99.6113,0
USDJPY,1995-02-08,99.1704,99.1704,99.1704,99.1704,0
USDJPY,1995-02-09,99.0402,99.0402,99.0402,99.0402,0
USDJPY,1995-02-10,99.0502,99.0502,99.0502,99.0502,0
USDJPY,1995-02-13,98.8498,98.8498,98.8498,98.8498,0
USDJPY,1995-02-14,98.8398,98.8398,98.8398,98.8398,0
USDJPY,1995-02-15,98.7095,98.7095,98.7095,98.7095,0
USDJPY,1995-02-16,97.7377,97.7377,97.7377,97.7377,0
USDJPY,1995-02-17,97.6675,97.6675,97.6675,97.6675,0
USDJPY,1995-02-21,97.4872,97.4872,97.4872,97.4872,0
USDJPY,1995-02-22,97.2167,97.2167,97.2167,97.2167,0
USDJPY,1995-02-23,96.9862,96.9862,96.9862,96.9862,0
USDJPY,1995-02-24,97.2868,97.2868,97.2868,97.2868,0
USDJPY,1995-02-27,96.9361,96.9361,96.9361,96.9361,0
USDJPY,1995-02-28,96.7859,96.7859,96.7859,96.7859,0
USDJPY,1995-03-01,96.9361,96.9361,96.9361,96.9361,0
USDJPY,1995-03-02,95.9943,95.9943,95.9943,95.9943,0
USDJPY,1995-03-03,94.5816,94.5816,94.5816,94.5816,0
USDJPY,1995-03-06,92.7782,92.7782,92.7782,92.7782,0
USDJPY,1995-03-07,91.0248,91.0248,91.0248,91.0248,0
USDJPY,1995-03-08,91.4456,91.4456,91.4456,91.4456,0
USDJPY,1995-03-09,90.7442,90.7442,90.7442,90.7442,0
USDJPY,1995-03-10,91.4055,91.4055,91.4055,91.4055,0
USDJPY,1995-03-13,90.6741,90.6741,90.6741,90.6741,0
USDJPY,1995-03-14,91.145,91.145,91.145,91.145,0
USDJPY,1995-03-15,89.572,89.572,89.572,89.572,0
USDJPY,1995-03-16,90.4737,90.4737,90.4737,90.4737,0
USDJPY,1995-03-17,89.3616,89.3616,89.3616,89.3616,0
USDJPY,1995-03-20,89.592,89.592,89.592,89.592,0
USDJPY,1995-03-21,89.552,89.552,89.552,89.552,0
USDJPY,1995-03-22,89.0911,89.0911,89.0911,89.0911,0
USDJPY,1995-03-23,88.4799,88.4799,88.4799,88.4799,0
USDJPY,1995-03-24,89.2714,89.2714,89.2714,89.2714,0
USDJPY,1995-03-27,89.2414,89.2414,89.2414,89.2414,0
USDJPY,1995-03-28,89.3917,89.3917,89.3917,89.3917,0
USDJPY,1995-03-29,88.4799,88.4799,88.4799,88.4799,0
USDJPY,1995-03-30,89.7022,89.7022,89.7022,89.7022,0
USDJPY,1995-03-31,87.0171,87.0171,87.0171,87.0171,0
USDJPY,1995-04-03,86.4159,86.4159,86.4159,86.4159,0
USDJPY,1995-04-04,86.5261,86.5261,86.5261,86.5261,0
USDJPY,1995-04-05,86.4159,86.4159,86.4159,86.4159,0
USDJPY,1995-04-06,85.6344,85.6344,85.6344,85.6344,0
USDJPY,1995-04-07,84.4822,84.4822,84.4822,84.4822,0
USDJPY,1995-04-10,83.2599,83.2599,83.2599,83.2599,0
USDJPY,1995-04-11,83.9612,83.9612,83.9612,83.9612,0
USDJPY,1995-04-12,84.1616,84.1616,84.1616,84.1616,0
USDJPY,1995-04-13,83.7508,83.7508,83.7508,83.7508,0
USDJPY,1995-04-14,83.5104,83.5104,83.5104,83.5104,0
USDJPY,1995-04-17,82.258,82.258,82.258,82.258,0
USDJPY,1995-04-18,81.5566,81.5566,81.5566,81.5566,0
USDJPY,1995-04-19,81.2761,81.2761,81.2761,81.2761,0
USDJPY,1995-04-20,83.1096,83.1096,83.1096,83.1096,0
USDJPY,1995-04-21,83.0795,83.0795,83.0795,83.0795,0
USDJPY,1995-04-24,83.4202,83.4202,83.4202,83.4202,0
USDJPY,1995-04-25,82.1077,82.1077,82.1077,82.1077,0
USDJPY,1995-04-26,84.1416,84.1416,84.1416,84.1416,0
USDJPY,1995-04-27,83.7408,83.7408,83.7408,83.7408,0
USDJPY,1995-04-28,84.2017,84.2017,84.2017,84.2017,0
USDJPY,1995-05-01,83.6907,83.6907,83.6907,83.6907,0
USDJPY,1995-05-02,83.851,83.851,83.851,83.851,0
USDJPY,1995-05-03,83.6106,83.6106,83.6106,83.6106,0
USDJPY,1995-05-04,83.7809,83.7809,83.7809,83.7809,0
USDJPY,1995-05-05,84.1917,84.1917,84.1917,84.1917,0
USDJPY,1995-05-08,83.1597,83.1597,83.1597,83.1597,0
USDJPY,1995-05-09,83.1096,83.1096,83.1096,83.1096,0
USDJPY,1995-05-10,84.0314,84.0314,84.0314,84.0314,0
USDJPY,1995-05-11,85.9651,85.9651,85.9651,85.9651,0
USDJPY,1995-05-12,87.1674,87.1674,87.1674,87.1674,0
USDJPY,1995-05-15,87.0271,87.0271,87.0271,87.0271,0
USDJPY,1995-05-16,86.3658,86.3658,86.3658,86.3658,0
USDJPY,1995-05-17,86.8969,86.8969,86.8969,86.8969,0
USDJPY,1995-05-18,87.5982,87.5982,87.5982,87.5982,0
USDJPY,1995-05-19,86.9369,86.9369,86.9369,86.9369,0
USDJPY,1995-05-22,87.6383,87.6383,87.6383,87.6383,0
USDJPY,1995-05-23,87.5481,87.5481,87.5481,87.5481,0
USDJPY,1995-05-24,87.3177,87.3177,87.3177,87.3177,0
USDJPY,1995-05-25,85.2136,85.2136,85.2136,85.2136,0
USDJPY,1995-05-26,83.0094,83.0094,83.0094,83.0094,0
USDJPY,1995-05-30,83.1597,83.1597,83.1597,83.1597,0
USDJPY,1995-05-31,84.8129,84.8129,84.8129,84.8129,0
USDJPY,1995-06-01,85.1134,85.1134,85.1134,85.1134,0
USDJPY,1995-06-02,85.0633,85.0633,85.0633,85.0633,0
USDJPY,1995-06-05,84.7928,84.7928,84.7928,84.7928,0
USDJPY,1995-06-06,85.2637,85.2637,85.2637,85.2637,0
USDJPY,1995-06-07,84.4021,84.4021,84.4021,84.4021,0
USDJPY,1995-06-08,85.0633,85.0633,85.0633,85.0633,0
USDJPY,1995-06-09,84.5624,84.5624,84.5624,84.5624,0
USDJPY,1995-06-12,84.0815,84.0815,84.0815,84.0815,0
USDJPY,1995-06-13,84.4922,84.4922,84.4922,84.4922,0
USDJPY,1995-06-14,84.5624,84.5624,84.5624,84.5624,0
USDJPY,1995-06-15,84.9832,84.9832,84.9832,84.9832,0
USDJPY,1995-06-16,84.8229,84.8229,84.8229,84.8229,0
USDJPY,1995-06-19,85.1134,85.1134,85.1134,85.1134,0
USDJPY,1995-06-20,84.8129,84.8129,84.8129,84.8129,0
USDJPY,1995-06-21,84.5423,84.5423,84.5423,84.5423,0
USDJPY,1995-06-22,84.8129,84.8129,84.8129,84.8129,0
USDJPY,1995-06-23,84.6626,84.6626,84.6626,84.6626,0
USDJPY,1995-06-26,84.5023,84.5023,84.5023,84.5023,0
USDJPY,1995-06-27,84.2418,84.2418,84.2418,84.2418,0
USDJPY,1995-06-28,85.8649,85.8649,85.8649,85.8649,0
USDJPY,1995-06-29,84.863,84.863,84.863,84.863,0
USDJPY,1995-06-30,84.9431,84.9431,84.9431,84.9431,0
USDJPY,1995-07-03,84.9631,84.9631,84.9631,84.9631,0
USDJPY,1995-07-05,85.1034,85.1034,85.1034,85.1034,0
USDJPY,1995-07-06,85.3439,85.3439,85.3439,85.3439,0
USDJPY,1995-07-07,86.9369,86.9369,86.9369,86.9369,0
USDJPY,1995-07-10,87.2576,87.2576,87.2576,87.2576,0
USDJPY,1995-07-11,87.6182,87.6182,87.6182,87.6182,0
USDJPY,1995-07-12,87.6784,87.6784,87.6784,87.6784,0
USDJPY,1995-07-13,87.5682,87.5682,87.5682,87.5682,0
USDJPY,1995-07-14,88.0591,88.0591,88.0591,88.0591,0
USDJPY,1995-07-17,88.8206,88.8206,88.8206,88.8206,0
USDJPY,1995-07-18,88.52,88.52,88.52,88.52,0
USDJPY,1995-07-19,87.9188,87.9188,87.9188,87.9188,0
USDJPY,1995-07-20,87.9288,87.9288,87.9288,87.9288,0
USDJPY,1995-07-21,88.7204,88.7204,88.7204,88.7204,0
USDJPY,1995-07-24,87.7184,87.7184,87.7184,87.7184,0
USDJPY,1995-07-25,88.0491,88.0491,88.0491,88.0491,0
USDJPY,1995-07-26,88.1192,88.1192,88.1192,88.1192,0
USDJPY,1995-07-27,88.1192,88.1192,88.1192,88.1192,0
USDJPY,1995-07-28,88.3497,88.3497,88.3497,88.3497,0
USDJPY,1995-07-31,88.51,88.51,88.51,88.51,0
USDJPY,1995-08-01,88.6001,88.6001,88.6001,88.6001,0
USDJPY,1995-08-02,90.9947,90.9947,90.9947,90.9947,0
USDJPY,1995-08-03,90.624,90.624,90.624,90.624,0
USDJPY,1995-08-04,91.4256,91.4256,91.4256,91.4256,0
USDJPY,1995-08-07,91.4757,91.4757,91.4757,91.4757,0
USDJPY,1995-08-08,91.9466,91.9466,91.9466,91.9466,0
USDJPY,1995-08-09,91.7462,91.7462,91.7462,91.7462,0
USDJPY,1995-08-10,93.0086,93.0086,93.0086,93.0086,0
USDJPY,1995-08-11,93.9504,93.9504,93.9504,93.9504,0
USDJPY,1995-08-14,93.7901,93.7901,93.7901,93.7901,0
USDJPY,1995-08-15,96.866,96.866,96.866,96.866,0
USDJPY,1995-08-16,97.9882,97.9882,97.9882,97.9882,0
USDJPY,1995-08-17,98.0383,98.0383,98.0383,98.0383,0
USDJPY,1995-08-18,97.1365,97.1365,97.1365,97.1365,0
USDJPY,1995-08-21,96.7358,96.7358,96.7358,96.7358,0
USDJPY,1995-08-22,96.9161,96.9161,96.9161,96.9161,0
USDJPY,1995-08-23,96.6857,96.6857,96.6857,96.6857,0
USDJPY,1995-08-24,96.7358,96.7358,96.7358,96.7358,0
USDJPY,1995-08-25,96.8259,96.8259,96.8259,96.8259,0
USDJPY,1995-08-28,96.7859,96.7859,96.7859,96.7859,0
USDJPY,1995-08-29,97.8178,97.8178,97.8178,97.8178,0
USDJPY,1995-08-30,99.1404,99.1404,99.1404,99.1404,0
USDJPY,1995-08-31,97.9381,97.9381,97.9381,97.9381,0
USDJPY,1995-09-01,97.6776,97.6776,97.6776,97.6776,0
USDJPY,1995-09-05,97.9581,97.9581,97.9581,97.9581,0
USDJPY,1995-09-06,98.9801,98.9801,98.9801,98.9801,0
USDJPY,1995-09-07,98.7697,98.7697,98.7697,98.7697,0
USDJPY,1995-09-08,99.9419,99.9419,99.9419,99.9419,0
USDJPY,1995-09-11,99.972,99.972,99.972,99.972,0
USDJPY,1995-09-12,101.0641,101.0641,101.0641,101.0641,0
USDJPY,1995-09-13,102.6972,102.6972,102.6972,102.6972,0
USDJPY,1995-09-14,102.7473,102.7473,102.7473,102.7473,0
USDJPY,1995-09-15,103.7192,103.7192,103.7192,103.7192,0
USDJPY,1995-09-18,103.7492,103.7492,103.7492,103.7492,0
USDJPY,1995-09-19,104.4005,104.4005,104.4005,104.4005,0
USDJPY,1995-09-20,103.4486,103.4486,103.4486,103.4486,0
USDJPY,1995-09-21,100.2926,100.2926,100.2926,100.2926,0
USDJPY,1995-09-22,98.6895,98.6895,98.6895,98.6895,0
USDJPY,1995-09-25,100.0722,100.0722,100.0722,100.0722,0
USDJPY,1995-09-26,101.024,101.024,101.024,101.024,0
USDJPY,1995-09-27,100.3627,100.3627,100.3627,100.3627,0
USDJPY,1995-09-28,99.9219,99.9219,99.9219,99.9219,0
USDJPY,1995-09-29,99.2907,99.2907,99.2907,99.2907,0
USDJPY,1995-10-02,100.9138,100.9138,100.9138,100.9138,0
USDJPY,1995-10-03,101.8456,101.8456,101.8456,101.8456,0
USDJPY,1995-10-04,100.9238,100.9238,100.9238,100.9238,0
USDJPY,1995-10-05,100.4429,100.4429,100.4429,100.4429,0
USDJPY,1995-10-06,101.044,101.044,101.044,101.044,0
USDJPY,1995-10-10,100.8336,100.8336,100.8336,100.8336,0
USDJPY,1995-10-11,101.0941,101.0941,101.0941,101.0941,0
USDJPY,1995-10-12,100.4729,100.4729,100.4729,100.4729,0
USDJPY,1995-10-13,100.9939,100.9939,100.9939,100.9939,0
USDJPY,1995-10-16,100.6433,100.6433,100.6433,100.6433,0
USDJPY,1995-10-17,100.523,100.523,100.523,100.523,0
USDJPY,1995-10-18,100.8136,100.8136,100.8136,100.8136,0
USDJPY,1995-10-19,100.7835,100.7835,100.7835,100.7835,0
USDJPY,1995-10-20,100.4429,100.4429,100.4429,100.4429,0
USDJPY,1995-10-23,99.8918,99.8918,99.8918,99.8918,0
USDJPY,1995-10-24,100.3627,100.3627,100.3627,100.3627,0
USDJPY,1995-10-25,101.4648,101.4648,101.4648,101.4648,0
USDJPY,1995-10-26,101.9959,101.9959,101.9959,101.9959,0
USDJPY,1995-10-27,101.9057,101.9057,101.9057,101.9057,0
USDJPY,1995-10-30,101.8456,101.8456,101.8456,101.8456,0
USDJPY,1995-10-31,102.4567,102.4567,102.4567,102.4567,0
USDJPY,1995-11-01,103.2683,103.2683,103.2683,103.2683,0
USDJPY,1995-11-02,103.7893,103.7893,103.7893,103.7893,0
USDJPY,1995-11-03,104.0799,104.0799,104.0799,104.0799,0
USDJPY,1995-11-06,103.3985,103.3985,103.3985,103.3985,0
USDJPY,1995-11-07,103.3785,103.3785,103.3785,103.3785,0
USDJPY,1995-11-08,102.6972,102.6972,102.6972,102.6972,0
USDJPY,1995-11-09,100.9438,100.9438,100.9438,100.9438,0
USDJPY,1995-11-10,101.1442,101.1442,101.1442,101.1442,0
USDJPY,1995-11-13,101.8957,101.8957,101.8957,101.8957,0
USDJPY,1995-11-14,101.8756,101.8756,101.8756,101.8756,0
USDJPY,1995-11-15,101.0941,101.0941,101.0941,101.0941,0
USDJPY,1995-11-16,102.3465,102.3465,102.3465,102.3465,0
USDJPY,1995-11-17,102.2263,102.2263,102.2263,102.2263,0
USDJPY,1995-11-20,101.545,101.545,101.545,101.545,0
USDJPY,1995-11-21,101.8255,101.8255,101.8255,101.8255,0
USDJPY,1995-11-22,100.6934,100.6934,100.6934,100.6934,0
USDJPY,1995-11-24,101.6953,101.6953,101.6953,101.6953,0
USDJPY,1995-11-27,101.9959,101.9959,101.9959,101.9959,0
USDJPY,1995-11-28,101.3145,101.3145,101.3145,101.3145,0
USDJPY,1995-11-29,101.6552,101.6552,101.6552,101.6552,0
USDJPY,1995-11-30,101.9959,101.9959,101.9959,101.9959,0
USDJPY,1995-12-01,101.3947,101.3947,101.3947,101.3947,0
USDJPY,1995-12-04,101.2444,101.2444,101.2444,101.2444,0
USDJPY,1995-12-05,101.6151,101.6151,101.6151,101.6151,0
USDJPY,1995-12-06,101.565,101.565,101.565,101.565,0
USDJPY,1995-12-07,101.5951,101.5951,101.5951,101.5951,0
USDJPY,1995-12-08,101.1442,101.1442,101.1442,101.1442,0
USDJPY,1995-12-11,101.2645,101.2645,101.2645,101.2645,0
USDJPY,1995-12-12,102.046,102.046,102.046,102.046,0
USDJPY,1995-12-13,101.9458,101.9458,101.9458,101.9458,0
USDJPY,1995-12-14,101.6953,101.6953,101.6953,101.6953,0
USDJPY,1995-12-15,102.3365,102.3365,102.3365,102.3365,0
USDJPY,1995-12-18,101.8957,101.8957,101.8957,101.8957,0
USDJPY,1995-12-19,102.046,102.046,102.046,102.046,0
USDJPY,1995-12-20,102.1962,102.1962,102.1962,102.1962,0
USDJPY,1995-12-21,102.0059,102.0059,102.0059,102.0059,0
USDJPY,1995-12-22,102.7974,102.7974,102.7974,102.7974,0
USDJPY,1995-12-26,102.577,102.577,102.577,102.577,0
USDJPY,1995-12-27,102.9978,102.9978,102.9978,102.9978,0
USDJPY,1995-12-28,103.0679,103.0679,103.0679,103.0679,0
USDJPY,1995-12-29,103.4787,103.4787,103.4787,103.4787,0
USDJPY,1996-01-02,104.1199,104.1199,104.1199,104.1199,0
USDJPY,1996-01-03,104.5508,104.5508,104.5508,104.5508,0
USDJPY,1996-01-04,106.6147,106.6147,106.6147,106.6147,0
USDJPY,1996-01-05,105.3323,105.3323,105.3323,105.3323,0
USDJPY,1996-01-08,106.0036,106.0036,106.0036,106.0036,0
USDJPY,1996-01-09,105.1018,105.1018,105.1018,105.1018,0
USDJPY,1996-01-10,105.4826,105.4826,105.4826,105.4826,0
USDJPY,1996-01-11,105.0016,105.0016,105.0016,105.0016,0
USDJPY,1996-01-12,105.2721,105.2721,105.2721,105.2721,0
USDJPY,1996-01-16,106.0837,106.0837,106.0837,106.0837,0
USDJPY,1996-01-17,105.5827,105.5827,105.5827,105.5827,0
USDJPY,1996-01-18,105.6429,105.6429,105.6429,105.6429,0
USDJPY,1996-01-19,105.6028,105.6028,105.6028,105.6028,0
USDJPY,1996-01-22,105.9635,105.9635,105.9635,105.9635,0
USDJPY,1996-01-23,106.0036,106.0036,106.0036,106.0036,0
USDJPY,1996-01-24,107.1257,107.1257,107.1257,107.1257,0
USDJPY,1996-01-25,107.1057,107.1057,107.1057,107.1057,0
USDJPY,1996-01-26,106.8051,106.8051,106.8051,106.8051,0
USDJPY,1996-01-29,107.0055,107.0055,107.0055,107.0055,0
USDJPY,1996-01-30,107.4964,107.4964,107.4964,107.4964,0
USDJPY,1996-01-31,107.1558,107.1558,107.1558,107.1558,0
USDJPY,1996-02-01,107.286,107.286,107.286,107.286,0
USDJPY,1996-02-02,106.9053,106.9053,106.9053,106.9053,0
USDJPY,1996-02-05,105.222,105.222,105.222,105.222,0
USDJPY,1996-02-06,105.7431,105.7431,105.7431,105.7431,0
USDJPY,1996-02-07,106.4043,106.4043,106.4043,106.4043,0
USDJPY,1996-02-08,107.1057,107.1057,107.1057,107.1057,0
USDJPY,1996-02-09,107.3061,107.3061,107.3061,107.3061,0
USDJPY,1996-02-12,106.8752,106.8752,106.8752,106.8752,0
USDJPY,1996-02-13,107.1357,107.1357,107.1357,107.1357,0
USDJPY,1996-02-14,106.9754,106.9754,106.9754,106.9754,0
USDJPY,1996-02-15,106.3843,106.3843,106.3843,106.3843,0
USDJPY,1996-02-16,105.5527,105.5527,105.5527,105.5527,0
USDJPY,1996-02-20,106.3041,106.3041,106.3041,106.3041,0
USDJPY,1996-02-21,105.4525,105.4525,105.4525,105.4525,0
USDJPY,1996-02-22,105.1519,105.1519,105.1519,105.1519,0
USDJPY,1996-02-23,104.9315,104.9315,104.9315,104.9315,0
USDJPY,1996-02-26,104.5307,104.5307,104.5307,104.5307,0
USDJPY,1996-02-27,104.5708,104.5708,104.5708,104.5708,0
USDJPY,1996-02-28,104.671,104.671,104.671,104.671,0
USDJPY,1996-02-29,105.3222,105.3222,105.3222,105.3222,0
USDJPY,1996-03-01,105.9034,105.9034,105.9034,105.9034,0
USDJPY,1996-03-04,105.2521,105.2521,105.2521,105.2521,0
USDJPY,1996-03-05,105.3022,105.3022,105.3022,105.3022,0
USDJPY,1996-03-06,105.5727,105.5727,105.5727,105.5727,0
USDJPY,1996-03-07,105.4525,105.4525,105.4525,105.4525,0
USDJPY,1996-03-08,106.1438,106.1438,106.1438,106.1438,0
USDJPY,1996-03-11,105.5527,105.5527,105.5527,105.5527,0
USDJPY,1996-03-12,105.7431,105.7431,105.7431,105.7431,0
USDJPY,1996-03-13,105.4926,105.4926,105.4926,105.4926,0
USDJPY,1996-03-14,105.6829,105.6829,105.6829,105.6829,0
USDJPY,1996-03-15,106.0737,106.0737,106.0737,106.0737,0
USDJPY,1996-03-18,106.224,106.224,106.224,106.224,0
USDJPY,1996-03-19,106.4644,106.4644,106.4644,106.4644,0
USDJPY,1996-03-20,106.6448,106.6448,106.6448,106.6448,0
USDJPY,1996-03-21,106.9253,106.9253,106.9253,106.9253,0
USDJPY,1996-03-22,107.0055,107.0055,107.0055,107.0055,0
USDJPY,1996-03-25,106.3943,106.3943,106.3943,106.3943,0
USDJPY,1996-03-26,106.5947,106.5947,106.5947,106.5947,0
USDJPY,1996-03-27,106.8452,106.8452,106.8452,106.8452,0
USDJPY,1996-03-28,106.5446,106.5446,106.5446,106.5446,0
USDJPY,1996-03-29,107.2059,107.2059,107.2059,107.2059,0
USDJPY,1996-04-01,107.7369,107.7369,107.7369,107.7369,0
USDJPY,1996-04-02,107.6868,107.6868,107.6868,107.6868,0
USDJPY,1996-04-03,107.1457,107.1457,107.1457,107.1457,0
USDJPY,1996-04-04,107.296,107.296,107.296,107.296,0
USDJPY,1996-04-05,107.8771,107.8771,107.8771,107.8771,0
USDJPY,1996-04-08,107.6267,107.6267,107.6267,107.6267,0
USDJPY,1996-04-09,108.3881,108.3881,108.3881,108.3881,0
USDJPY,1996-04-10,108.7689,108.7689,108.7689,108.7689,0
USDJPY,1996-04-11,108.7288,108.7288,108.7288,108.7288,0
USDJPY,1996-04-12,108.8791,108.8791,108.8791,108.8791,0
USDJPY,1996-04-15,108.5685,108.5685,108.5685,108.5685,0
USDJPY,1996-04-16,108.4883,108.4883,108.4883,108.4883,0
USDJPY,1996-04-17,108.4783,108.4783,108.4783,108.4783,0
USDJPY,1996-04-18,107.3061,107.3061,107.3061,107.3061,0
USDJPY,1996-04-19,107.3061,107.3061,107.3061,107.3061,0
USDJPY,1996-04-22,106.9053,106.9053,106.9053,106.9053,0
USDJPY,1996-04-23,106.7951,106.7951,106.7951,106.7951,0
USDJPY,1996-04-24,106.9754,106.9754,106.9754,106.9754,0
USDJPY,1996-04-25,106.6748,106.6748,106.6748,106.6748,0
USDJPY,1996-04-26,105.7431,105.7431,105.7431,105.7431,0
USDJPY,1996-04-29,104.7211,104.7211,104.7211,104.7211,0
USDJPY,1996-04-30,104.8313,104.8313,104.8313,104.8313,0
USDJPY,1996-05-01,105.2822,105.2822,105.2822,105.2822,0
USDJPY,1996-05-02,104.691,104.691,104.691,104.691,0
USDJPY,1996-05-03,105.0317,105.0317,105.0317,105.0317,0
USDJPY,1996-05-06,105.1319,105.1319,105.1319,105.1319,0
USDJPY,1996-05-07,105.172,105.172,105.172,105.172,0
USDJPY,1996-05-08,105.3523,105.3523,105.3523,105.3523,0
USDJPY,1996-05-09,105.0016,105.0016,105.0016,105.0016,0
USDJPY,1996-05-10,105.703,105.703,105.703,105.703,0
USDJPY,1996-05-13,105.1619,105.1619,105.1619,105.1619,0
USDJPY,1996-05-14,106.0036,106.0036,106.0036,106.0036,0
USDJPY,1996-05-15,107.0556,107.0556,107.0556,107.0556,0
USDJPY,1996-05-16,106.8752,106.8752,106.8752,106.8752,0
USDJPY,1996-05-17,106.735,106.735,106.735,106.735,0
USDJPY,1996-05-20,107.3461,107.3461,107.3461,107.3461,0
USDJPY,1996-05-21,107.2059,107.2059,107.2059,107.2059,0
USDJPY,1996-05-22,107.2459,107.2459,107.2459,107.2459,0
USDJPY,1996-05-23,106.9854,106.9854,106.9854,106.9854,0
USDJPY,1996-05-24,108.1076,108.1076,108.1076,108.1076,0
USDJPY,1996-05-28,108.9091,108.9091,108.9091,108.9091,0
USDJPY,1996-05-29,108.9793,108.9793,108.9793,108.9793,0
USDJPY,1996-05-30,107.8571,107.8571,107.8571,107.8571,0
USDJPY,1996-05-31,108.1978,108.1978,108.1978,108.1978,0
USDJPY,1996-06-03,108.5785,108.5785,108.5785,108.5785,0
USDJPY,1996-06-04,109.4101,109.4101,109.4101,109.4101,0
USDJPY,1996-06-05,109.0494,109.0494,109.0494,109.0494,0
USDJPY,1996-06-06,109.4702,109.4702,109.4702,109.4702,0
USDJPY,1996-06-07,109.4401,109.4401,109.4401,109.4401,0
USDJPY,1996-06-10,109.2798,109.2798,109.2798,109.2798,0
USDJPY,1996-06-11,109.7107,109.7107,109.7107,109.7107,0
USDJPY,1996-06-12,109.6806,109.6806,109.6806,109.6806,0
USDJPY,1996-06-13,109.0594,109.0594,109.0594,109.0594,0
USDJPY,1996-06-14,109.0795,109.0795,109.0795,109.0795,0
USDJPY,1996-06-17,109.0594,109.0594,109.0594,109.0594,0
USDJPY,1996-06-18,108.2479,108.2479,108.2479,108.2479,0
USDJPY,1996-06-19,108.2579,108.2579,108.2579,108.2579,0
USDJPY,1996-06-20,108.308,108.308,108.308,108.308,0
USDJPY,1996-06-21,109.3099,109.3099,109.3099,109.3099,0
USDJPY,1996-06-24,109.1496,109.1496,109.1496,109.1496,0
USDJPY,1996-06-25,109.2398,109.2398,109.2398,109.2398,0
USDJPY,1996-06-26,109.7107,109.7107,109.7107,109.7107,0
USDJPY,1996-06-27,109.6606,109.6606,109.6606,109.6606,0
USDJPY,1996-06-28,109.6906,109.6906,109.6906,109.6906,0
USDJPY,1996-07-01,109.7708,109.7708,109.7708,109.7708,0
USDJPY,1996-07-02,110.3118,110.3118,110.3118,110.3118,0
USDJPY,1996-07-03,110.5222,110.5222,110.5222,110.5222,0
USDJPY,1996-07-05,111.1635,111.1635,111.1635,111.1635,0
USDJPY,1996-07-08,111.1534,111.1534,111.1534,111.1534,0
USDJPY,1996-07-09,110.4922,110.4922,110.4922,110.4922,0
USDJPY,1996-07-10,110.392,110.392,110.392,110.392,0
USDJPY,1996-07-11,110.392,110.392,110.392,110.392,0
USDJPY,1996-07-12,110.903,110.903,110.903,110.903,0
USDJPY,1996-07-15,110.6625,110.6625,110.6625,110.6625,0
USDJPY,1996-07-16,109.36,109.36,109.36,109.36,0
USDJPY,1996-07-17,108.829,108.829,108.829,108.829,0
USDJPY,1996-07-18,108.1376,108.1376,108.1376,108.1376,0
USDJPY,1996-07-19,108.4282,108.4282,108.4282,108.4282,0
USDJPY,1996-07-22,107.7068,107.7068,107.7068,107.7068,0
USDJPY,1996-07-23,108.298,108.298,108.298,108.298,0
USDJPY,1996-07-24,108.4983,108.4983,108.4983,108.4983,0
USDJPY,1996-07-25,108.5885,108.5885,108.5885,108.5885,0
USDJPY,1996-07-26,108.5384,108.5384,108.5384,108.5384,0
USDJPY,1996-07-29,109.4101,109.4101,109.4101,109.4101,0
USDJPY,1996-07-30,108.2879,108.2879,108.2879,108.2879,0
USDJPY,1996-07-31,106.9754,106.9754,106.9754,106.9754,0
USDJPY,1996-08-01,106.9554,106.9554,106.9554,106.9554,0
USDJPY,1996-08-02,107.256,107.256,107.256,107.256,0
USDJPY,1996-08-05,106.8452,106.8452,106.8452,106.8452,0
USDJPY,1996-08-06,107.1257,107.1257,107.1257,107.1257,0
USDJPY,1996-08-07,108.1577,108.1577,108.1577,108.1577,0
USDJPY,1996-08-08,108.3481,108.3481,108.3481,108.3481,0
USDJPY,1996-08-09,108.328,108.328,108.328,108.328,0
USDJPY,1996-08-12,107.9272,107.9272,107.9272,107.9272,0
USDJPY,1996-08-13,107.797,107.797,107.797,107.797,0
USDJPY,1996-08-14,108.1477,108.1477,108.1477,108.1477,0
USDJPY,1996-08-15,108.2178,108.2178,108.2178,108.2178,0
USDJPY,1996-08-16,108.1677,108.1677,108.1677,108.1677,0
USDJPY,1996-08-19,108.0775,108.0775,108.0775,108.0775,0
USDJPY,1996-08-20,108.5084,108.5084,108.5084,108.5084,0
USDJPY,1996-08-21,108.5484,108.5484,108.5484,108.5484,0
USDJPY,1996-08-22,108.4382,108.4382,108.4382,108.4382,0
USDJPY,1996-08-23,108.6086,108.6086,108.6086,108.6086,0
USDJPY,1996-08-26,107.9072,107.9072,107.9072,107.9072,0
USDJPY,1996-08-27,107.9874,107.9874,107.9874,107.9874,0
USDJPY,1996-08-28,108.6486,108.6486,108.6486,108.6486,0
USDJPY,1996-08-29,108.7087,108.7087,108.7087,108.7087,0
USDJPY,1996-08-30,108.9091,108.9091,108.9091,108.9091,0
USDJPY,1996-09-03,109.4902,109.4902,109.4902,109.4902,0
USDJPY,1996-09-04,109.0594,109.0594,109.0594,109.0594,0
USDJPY,1996-09-05,109.2999,109.2999,109.2999,109.2999,0
USDJPY,1996-09-06,109.5804,109.5804,109.5804,109.5804,0
USDJPY,1996-09-09,109.4001,109.4001,109.4001,109.4001,0
USDJPY,1996-09-10,110.0513,110.0513,110.0513,110.0513,0
USDJPY,1996-09-11,110.4621,110.4621,110.4621,110.4621,0
USDJPY,1996-09-12,110.5122,110.5122,110.5122,110.5122,0
USDJPY,1996-09-13,110.6525,110.6525,110.6525,110.6525,0
USDJPY,1996-09-16,110.3619,110.3619,110.3619,110.3619,0
USDJPY,1996-09-17,110.6024,110.6024,110.6024,110.6024,0
USDJPY,1996-09-18,109.4201,109.4201,109.4201,109.4201,0
USDJPY,1996-09-19,109.5904,109.5904,109.5904,109.5904,0
USDJPY,1996-09-20,110.0814,110.0814,110.0814,110.0814,0
USDJPY,1996-09-23,110.0714,110.0714,110.0714,110.0714,0
USDJPY,1996-09-24,110.0313,110.0313,110.0313,110.0313,0
USDJPY,1996-09-25,110.5924,110.5924,110.5924,110.5924,0
USDJPY,1996-09-26,110.6625,110.6625,110.6625,110.6625,0
USDJPY,1996-09-27,111.0633,111.0633,111.0633,111.0633,0
USDJPY,1996-09-30,111.8648,111.8648,111.8648,111.8648,0
USDJPY,1996-10-01,111.5843,111.5843,111.5843,111.5843,0
USDJPY,1996-10-02,111.8748,111.8748,111.8748,111.8748,0
USDJPY,1996-10-03,111.6945,111.6945,111.6945,111.6945,0
USDJPY,1996-10-04,111.8448,111.8448,111.8448,111.8448,0
USDJPY,1996-10-07,111.4841,111.4841,111.4841,111.4841,0
USDJPY,1996-10-08,111.5242,111.5242,111.5242,111.5242,0
USDJPY,1996-10-09,111.6845,111.6845,111.6845,111.6845,0
USDJPY,1996-10-10,111.4941,111.4941,111.4941,111.4941,0
USDJPY,1996-10-11,111.8748,111.8748,111.8748,111.8748,0
USDJPY,1996-10-15,112.496,112.496,112.496,112.496,0
USDJPY,1996-10-16,112.3557,112.3557,112.3557,112.3557,0
USDJPY,1996-10-17,112.4359,112.4359,112.4359,112.4359,0
USDJPY,1996-10-18,112.7565,112.7565,112.7565,112.7565,0
USDJPY,1996-10-21,112.9769,112.9769,112.9769,112.9769,0
USDJPY,1996-10-22,113.0771,113.0771,113.0771,113.0771,0
USDJPY,1996-10-23,113.1873,113.1873,113.1873,113.1873,0
USDJPY,1996-10-24,113.0671,113.0671,113.0671,113.0671,0
USDJPY,1996-10-25,113.548,113.548,113.548,113.548,0
USDJPY,1996-10-28,114.3396,114.3396,114.3396,114.3396,0
USDJPY,1996-10-29,114.3295,114.3295,114.3295,114.3295,0
USDJPY,1996-10-30,114.1893,114.1893,114.1893,114.1893,0
USDJPY,1996-10-31,114.0089,114.0089,114.0089,114.0089,0
USDJPY,1996-11-01,113.4979,113.4979,113.4979,113.4979,0
USDJPY,1996-11-04,114.1893,114.1893,114.1893,114.1893,0
USDJPY,1996-11-05,114.4397,114.4397,114.4397,114.4397,0
USDJPY,1996-11-06,114.1993,114.1993,114.1993,114.1993,0
USDJPY,1996-11-07,111.7546,111.7546,111.7546,111.7546,0
USDJPY,1996-11-08,111.8448,111.8448,111.8448,111.8448,0
USDJPY,1996-11-12,111.7145,111.7145,111.7145,111.7145,0
USDJPY,1996-11-13,111.6243,111.6243,111.6243,111.6243,0
USDJPY,1996-11-14,111.5041,111.5041,111.5041,111.5041,0
USDJPY,1996-11-15,111.5141,111.5141,111.5141,111.5141,0
USDJPY,1996-11-18,111.5242,111.5242,111.5242,111.5242,0
USDJPY,1996-11-19,111.7646,111.7646,111.7646,111.7646,0
USDJPY,1996-11-20,111.464,111.464,111.464,111.464,0
USDJPY,1996-11-21,111.6344,111.6344,111.6344,111.6344,0
USDJPY,1996-11-22,111.6243,111.6243,111.6243,111.6243,0
USDJPY,1996-11-25,112.9068,112.9068,112.9068,112.9068,0
USDJPY,1996-11-26,112.8767,112.8767,112.8767,112.8767,0
USDJPY,1996-11-27,113.548,113.548,113.548,113.548,0
USDJPY,1996-11-29,114.0991,114.0991,114.0991,114.0991,0
USDJPY,1996-12-02,114.0189,114.0189,114.0189,114.0189,0
USDJPY,1996-12-03,113.8085,113.8085,113.8085,113.8085,0
USDJPY,1996-12-04,113.3477,113.3477,113.3477,113.3477,0
USDJPY,1996-12-05,112.5662,112.5662,112.5662,112.5662,0
USDJPY,1996-12-06,113.0571,113.0571,113.0571,113.0571,0
USDJPY,1996-12-09,113.4879,113.4879,113.4879,113.4879,0
USDJPY,1996-12-10,113.4979,113.4979,113.4979,113.4979,0
USDJPY,1996-12-11,113.1172,113.1172,113.1172,113.1172,0
USDJPY,1996-12-12,113.7685,113.7685,113.7685,113.7685,0
USDJPY,1996-12-13,114.0189,114.0189,114.0189,114.0189,0
USDJPY,1996-12-16,114.4598,114.4598,114.4598,114.4598,0
USDJPY,1996-12-17,113.8486,113.8486,113.8486,113.8486,0
USDJPY,1996-12-18,113.8687,113.8687,113.8687,113.8687,0
USDJPY,1996-12-19,114.2193,114.2193,114.2193,114.2193,0
USDJPY,1996-12-20,114.4698,114.4698,114.4698,114.4698,0
USDJPY,1996-12-23,114.3396,114.3396,114.3396,114.3396,0
USDJPY,1996-12-24,114.7203,114.7203,114.7203,114.7203,0
USDJPY,1996-12-26,115.1411,115.1411,115.1411,115.1411,0
USDJPY,1996-12-27,116.3534,116.3534,116.3534,116.3534,0
USDJPY,1996-12-30,116.1029,116.1029,116.1029,116.1029,0
USDJPY,1996-12-31,115.9927,115.9927,115.9927,115.9927,0
USDJPY,1997-01-02,115.7122,115.7122,115.7122,115.7122,0
USDJPY,1997-01-03,116.5538,116.5538,116.5538,116.5538,0
USDJPY,1997-01-06,116.0228,116.0228,116.0228,116.0228,0
USDJPY,1997-01-07,115.5619,115.5619,115.5619,115.5619,0
USDJPY,1997-01-08,116.0829,116.0829,116.0829,116.0829,0
USDJPY,1997-01-09,116.4135,116.4135,116.4135,116.4135,0
USDJPY,1997-01-10,116.3234,116.3234,116.3234,116.3234,0
USDJPY,1997-01-13,116.634,116.634,116.634,116.634,0
USDJPY,1997-01-14,117.1249,117.1249,117.1249,117.1249,0
USDJPY,1997-01-15,117.4656,117.4656,117.4656,117.4656,0
USDJPY,1997-01-16,116.7642,116.7642,116.7642,116.7642,0
USDJPY,1997-01-17,117.3353,117.3353,117.3353,117.3353,0
USDJPY,1997-01-21,118.0266,118.0266,118.0266,118.0266,0
USDJPY,1997-01-22,119.1488,119.1488,119.1488,119.1488,0
USDJPY,1997-01-23,119.8802,119.8802,119.8802,119.8802,0
USDJPY,1997-01-24,119.2891,119.2891,119.2891,119.2891,0
USDJPY,1997-01-27,119.6798,119.6798,119.6798,119.6798,0
USDJPY,1997-01-28,121.4232,121.4232,121.4232,121.4232,0
USDJPY,1997-01-29,122.2147,122.2147,122.2147,122.2147,0
USDJPY,1997-01-30,121.7839,121.7839,121.7839,121.7839,0
USDJPY,1997-01-31,121.4833,121.4833,121.4833,121.4833,0
USDJPY,1997-02-03,121.9141,121.9141,121.9141,121.9141,0
USDJPY,1997-02-04,122.5754,122.5754,122.5754,122.5754,0
USDJPY,1997-02-05,123.8278,123.8278,123.8278,123.8278,0
USDJPY,1997-02-06,124.0582,124.0582,124.0582,124.0582,0
USDJPY,1997-02-07,124.7796,124.7796,124.7796,124.7796,0
USDJPY,1997-02-10,122.9761,122.9761,122.9761,122.9761,0
USDJPY,1997-02-11,123.407,123.407,123.407,123.407,0
USDJPY,1997-02-12,124.2586,124.2586,124.2586,124.2586,0
USDJPY,1997-02-13,124.5892,124.5892,124.5892,124.5892,0
USDJPY,1997-02-14,124.2987,124.2987,124.2987,124.2987,0
USDJPY,1997-02-18,124.1584,124.1584,124.1584,124.1584,0
USDJPY,1997-02-19,124.5391,124.5391,124.5391,124.5391,0
USDJPY,1997-02-20,123.0663,123.0663,123.0663,123.0663,0
USDJPY,1997-02-21,123.5172,123.5172,123.5172,123.5172,0
USDJPY,1997-02-24,122.4151,122.4151,122.4151,122.4151,0
USDJPY,1997-02-25,122.1646,122.1646,122.1646,122.1646,0
USDJPY,1997-02-26,122.1345,122.1345,122.1345,122.1345,0
USDJPY,1997-02-27,121.0324,121.0324,121.0324,121.0324,0
USDJPY,1997-02-28,121.0625,121.0625,121.0625,121.0625,0
USDJPY,1997-03-03,121.3831,121.3831,121.3831,121.3831,0
USDJPY,1997-03-04,122.1846,122.1846,122.1846,122.1846,0
USDJPY,1997-03-05,121.7338,121.7338,121.7338,121.7338,0
USDJPY,1997-03-06,121.5133,121.5133,121.5133,121.5133,0
USDJPY,1997-03-07,122.1145,122.1145,122.1145,122.1145,0
USDJPY,1997-03-10,121.9341,121.9341,121.9341,121.9341,0
USDJPY,1997-03-11,122.0043,122.0043,122.0043,122.0043,0
USDJPY,1997-03-12,122.916,122.916,122.916,122.916,0
USDJPY,1997-03-13,123.4771,123.4771,123.4771,123.4771,0
USDJPY,1997-03-14,123.6975,123.6975,123.6975,123.6975,0
USDJPY,1997-03-17,123.8879,123.8879,123.8879,123.8879,0
USDJPY,1997-03-18,122.6856,122.6856,122.6856,122.6856,0
USDJPY,1997-03-19,123.0363,123.0363,123.0363,123.0363,0
USDJPY,1997-03-20,123.8278,123.8278,123.8278,123.8278,0
USDJPY,1997-03-21,123.0563,123.0563,123.0563,123.0563,0
USDJPY,1997-03-24,123.1665,123.1665,123.1665,123.1665,0
USDJPY,1997-03-25,124.1384,124.1384,124.1384,124.1384,0
USDJPY,1997-03-26,124.469,124.469,124.469,124.469,0
USDJPY,1997-03-27,123.8879,123.8879,123.8879,123.8879,0
USDJPY,1997-03-28,124.1384,124.1384,124.1384,124.1384,0
USDJPY,1997-03-31,123.958,123.958,123.958,123.958,0
USDJPY,1997-04-01,122.9361,122.9361,122.9361,122.9361,0
USDJPY,1997-04-02,122.9561,122.9561,122.9561,122.9561,0
USDJPY,1997-04-03,123.0363,123.0363,123.0363,123.0363,0
USDJPY,1997-04-04,124.5091,124.5091,124.5091,124.5091,0
USDJPY,1997-04-07,125.9118,125.9118,125.9118,125.9118,0
USDJPY,1997-04-08,126.3226,126.3226,126.3226,126.3226,0
USDJPY,1997-04-09,127.1041,127.1041,127.1041,127.1041,0
USDJPY,1997-04-10,126.1923,126.1923,126.1923,126.1923,0
USDJPY,1997-04-11,126.2825,126.2825,126.2825,126.2825,0
USDJPY,1997-04-14,126.7233,126.7233,126.7233,126.7233,0
USDJPY,1997-04-15,126.5931,126.5931,126.5931,126.5931,0
USDJPY,1997-04-16,125.9919,125.9919,125.9919,125.9919,0
USDJPY,1997-04-17,126.2925,126.2925,126.2925,126.2925,0
USDJPY,1997-04-18,126.1222,126.1222,126.1222,126.1222,0
USDJPY,1997-04-21,125.9018,125.9018,125.9018,125.9018,0
USDJPY,1997-04-22,126.4929,126.4929,126.4929,126.4929,0
USDJPY,1997-04-23,126.4027,126.4027,126.4027,126.4027,0
USDJPY,1997-04-24,126.2023,126.2023,126.2023,126.2023,0
USDJPY,1997-04-25,126.1222,126.1222,126.1222,126.1222,0
USDJPY,1997-04-28,126.9237,126.9237,126.9237,126.9237,0
USDJPY,1997-04-29,127.054,127.054,127.054,127.054,0
USDJPY,1997-04-30,127.2744,127.2744,127.2744,127.2744,0
USDJPY,1997-05-01,126.8836,126.8836,126.8836,126.8836,0
USDJPY,1997-05-02,126.8135,126.8135,126.8135,126.8135,0
USDJPY,1997-05-05,126.9438,126.9438,126.9438,126.9438,0
USDJPY,1997-05-06,125.6914,125.6914,125.6914,125.6914,0
USDJPY,1997-05-07,125.3307,125.3307,125.3307,125.3307,0
USDJPY,1997-05-08,124.0883,124.0883,124.0883,124.0883,0
USDJPY,1997-05-09,120.9623,120.9623,120.9623,120.9623,0
USDJPY,1997-05-12,119.1789,119.1789,119.1789,119.1789,0
USDJPY,1997-05-13,118.9785,118.9785,118.9785,118.9785,0
USDJPY,1997-05-14,118.5577,118.5577,118.5577,118.5577,0
USDJPY,1997-05-15,116.5037,116.5037,116.5037,116.5037,0
USDJPY,1997-05-16,115.6521,115.6521,115.6521,115.6521,0
USDJPY,1997-05-19,116.2733,116.2733,116.2733,116.2733,0
USDJPY,1997-05-20,114.0189,114.0189,114.0189,114.0189,0
USDJPY,1997-05-21,114.2995,114.2995,114.2995,114.2995,0
USDJPY,1997-05-22,116.1831,116.1831,116.1831,116.1831,0
USDJPY,1997-05-23,116.0228,116.0228,116.0228,116.0228,0
USDJPY,1997-05-27,116.674,116.674,116.674,116.674,0
USDJPY,1997-05-28,115.7423,115.7423,115.7423,115.7423,0
USDJPY,1997-05-29,116.4336,116.4336,116.4336,116.4336,0
USDJPY,1997-05-30,116.6239,116.6239,116.6239,116.6239,0
USDJPY,1997-06-02,116.9646,116.9646,116.9646,116.9646,0
USDJPY,1997-06-03,116.3735,116.3735,116.3735,116.3735,0
USDJPY,1997-06-04,116.5238,116.5238,116.5238,116.5238,0
USDJPY,1997-06-05,115.8925,115.8925,115.8925,115.8925,0
USDJPY,1997-06-06,115.622,115.622,115.622,115.622,0
USDJPY,1997-06-09,112.8467,112.8467,112.8467,112.8467,0
USDJPY,1997-06-10,112.8166,112.8166,112.8166,112.8166,0
USDJPY,1997-06-11,111.6344,111.6344,111.6344,111.6344,0
USDJPY,1997-06-12,114.1993,114.1993,114.1993,114.1993,0
USDJPY,1997-06-13,113.7184,113.7184,113.7184,113.7184,0
USDJPY,1997-06-16,113.7083,113.7083,113.7083,113.7083,0
USDJPY,1997-06-17,113.5681,113.5681,113.5681,113.5681,0
USDJPY,1997-06-18,113.7184,113.7184,113.7184,113.7184,0
USDJPY,1997-06-19,114.3095,114.3095,114.3095,114.3095,0
USDJPY,1997-06-20,114.8405,114.8405,114.8405,114.8405,0
USDJPY,1997-06-23,115.5218,115.5218,115.5218,115.5218,0
USDJPY,1997-06-24,115.0209,115.0209,115.0209,115.0209,0
USDJPY,1997-06-25,114.1692,114.1692,114.1692,114.1692,0
USDJPY,1997-06-26,113.4478,113.4478,113.4478,113.4478,0
USDJPY,1997-06-27,114.8906,114.8906,114.8906,114.8906,0
USDJPY,1997-06-30,114.8305,114.8305,114.8305,114.8305,0
USDJPY,1997-07-01,115.1511,115.1511,115.1511,115.1511,0
USDJPY,1997-07-02,114.7403,114.7403,114.7403,114.7403,0
USDJPY,1997-07-03,113.6783,113.6783,113.6783,113.6783,0
USDJPY,1997-07-07,112.8166,112.8166,112.8166,112.8166,0
USDJPY,1997-07-08,112.9769,112.9769,112.9769,112.9769,0
USDJPY,1997-07-09,113.1873,113.1873,113.1873,113.1873,0
USDJPY,1997-07-10,113.2976,113.2976,113.2976,113.2976,0
USDJPY,1997-07-11,114.0991,114.0991,114.0991,114.0991,0
USDJPY,1997-07-14,113.9789,113.9789,113.9789,113.9789,0
USDJPY,1997-07-15,116.0929,116.0929,116.0929,116.0929,0
USDJPY,1997-07-16,116.5037,116.5037,116.5037,116.5037,0
USDJPY,1997-07-17,116.3534,116.3534,116.3534,116.3534,0
USDJPY,1997-07-18,115.6821,115.6821,115.6821,115.6821,0
USDJPY,1997-07-21,116.1029,116.1029,116.1029,116.1029,0
USDJPY,1997-07-22,115.9026,115.9026,115.9026,115.9026,0
USDJPY,1997-07-23,116.0729,116.0729,116.0729,116.0729,0
USDJPY,1997-07-24,116.1731,116.1731,116.1731,116.1731,0
USDJPY,1997-07-25,116.9746,116.9746,116.9746,116.9746,0
USDJPY,1997-07-28,117.9866,117.9866,117.9866,117.9866,0
USDJPY,1997-07-29,118.227,118.227,118.227,118.227,0
USDJPY,1997-07-30,118.5577,118.5577,118.5577,118.5577,0
USDJPY,1997-07-31,118.5977,118.5977,118.5977,118.5977,0
USDJPY,1997-08-01,118.6979,118.6979,118.6979,118.6979,0
USDJPY,1997-08-04,118.5677,118.5677,118.5677,118.5677,0
USDJPY,1997-08-05,119.4894,119.4894,119.4894,119.4894,0
USDJPY,1997-08-06,118.8783,118.8783,118.8783,118.8783,0
USDJPY,1997-08-07,118.6278,118.6278,118.6278,118.6278,0
USDJPY,1997-08-08,115.5218,115.5218,115.5218,115.5218,0
USDJPY,1997-08-11,116.0729,116.0729,116.0729,116.0729,0
USDJPY,1997-08-12,116.4336,116.4336,116.4336,116.4336,0
USDJPY,1997-08-13,116.0028,116.0028,116.0028,116.0028,0
USDJPY,1997-08-14,117.9765,117.9765,117.9765,117.9765,0
USDJPY,1997-08-15,118.0266,118.0266,118.0266,118.0266,0
USDJPY,1997-08-18,118.0367,118.0367,118.0367,118.0367,0
USDJPY,1997-08-19,118.6779,118.6779,118.6779,118.6779,0
USDJPY,1997-08-20,118.3072,118.3072,118.3072,118.3072,0
USDJPY,1997-08-21,118.0066,118.0066,118.0066,118.0066,0
USDJPY,1997-08-22,117.4856,117.4856,117.4856,117.4856,0
USDJPY,1997-08-25,118.9584,118.9584,118.9584,118.9584,0
USDJPY,1997-08-26,118.5476,118.5476,118.5476,118.5476,0
USDJPY,1997-08-27,119.1087,119.1087,119.1087,119.1087,0
USDJPY,1997-08-28,118.9785,118.9785,118.9785,118.9785,0
USDJPY,1997-08-29,120.8821,120.8821,120.8821,120.8821,0
USDJPY,1997-09-02,121.7839,121.7839,121.7839,121.7839,0
USDJPY,1997-09-03,121.2629,121.2629,121.2629,121.2629,0
USDJPY,1997-09-04,120.9523,120.9523,120.9523,120.9523,0
USDJPY,1997-09-05,121.323,121.323,121.323,121.323,0
USDJPY,1997-09-08,121.2528,121.2528,121.2528,121.2528,0
USDJPY,1997-09-09,119.279,119.279,119.279,119.279,0
USDJPY,1997-09-10,119.4894,119.4894,119.4894,119.4894,0
USDJPY,1997-09-11,119.8101,119.8101,119.8101,119.8101,0
USDJPY,1997-09-12,121.1627,121.1627,121.1627,121.1627,0
USDJPY,1997-09-15,120.6316,120.6316,120.6316,120.6316,0
USDJPY,1997-09-16,121.333,121.333,121.333,121.333,0
USDJPY,1997-09-17,121.2228,121.2228,121.2228,121.2228,0
USDJPY,1997-09-18,122.2147,122.2147,122.2147,122.2147,0
USDJPY,1997-09-19,122.1646,122.1646,122.1646,122.1646,0
USDJPY,1997-09-22,122.4852,122.4852,122.4852,122.4852,0
USDJPY,1997-09-23,121.7638,121.7638,121.7638,121.7638,0
USDJPY,1997-09-24,120.6316,120.6316,120.6316,120.6316,0
USDJPY,1997-09-25,121.5334,121.5334,121.5334,121.5334,0
USDJPY,1997-09-26,121.1025,121.1025,121.1025,121.1025,0
USDJPY,1997-09-29,121.2328,121.2328,121.2328,121.2328,0
USDJPY,1997-09-30,120.9422,120.9422,120.9422,120.9422,0
USDJPY,1997-10-01,121.0324,121.0324,121.0324,121.0324,0
USDJPY,1997-10-02,122.0343,122.0343,122.0343,122.0343,0
USDJPY,1997-10-03,122.1646,122.1646,122.1646,122.1646,0
USDJPY,1997-10-06,122.1646,122.1646,122.1646,122.1646,0
USDJPY,1997-10-07,122.2447,122.2447,122.2447,122.2447,0
USDJPY,1997-10-08,121.323,121.323,121.323,121.323,0
USDJPY,1997-10-09,121.4131,121.4131,121.4131,121.4131,0
USDJPY,1997-10-10,120.3611,120.3611,120.3611,120.3611,0
USDJPY,1997-10-14,121.9842,121.9842,121.9842,121.9842,0
USDJPY,1997-10-15,121.5434,121.5434,121.5434,121.5434,0
USDJPY,1997-10-16,120.1006,120.1006,120.1006,120.1006,0
USDJPY,1997-10-17,120.4212,120.4212,120.4212,120.4212,0
USDJPY,1997-10-20,121.6336,121.6336,121.6336,121.6336,0
USDJPY,1997-10-21,120.8921,120.8921,120.8921,120.8921,0
USDJPY,1997-10-22,120.9422,120.9422,120.9422,120.9422,0
USDJPY,1997-10-23,121.9041,121.9041,121.9041,121.9041,0
USDJPY,1997-10-24,121.9642,121.9642,121.9642,121.9642,0
USDJPY,1997-10-27,122.1045,122.1045,122.1045,122.1045,0
USDJPY,1997-10-28,119.9303,119.9303,119.9303,119.9303,0
USDJPY,1997-10-29,120.7619,120.7619,120.7619,120.7619,0
USDJPY,1997-10-30,120.9122,120.9122,120.9122,120.9122,0
USDJPY,1997-10-31,120.6216,120.6216,120.6216,120.6216,0
USDJPY,1997-11-03,121.2729,121.2729,121.2729,121.2729,0
USDJPY,1997-11-04,122.0644,122.0644,122.0644,122.0644,0
USDJPY,1997-11-05,122.7958,122.7958,122.7958,122.7958,0
USDJPY,1997-11-06,123.3969,123.3969,123.3969,123.3969,0
USDJPY,1997-11-07,124.2085,124.2085,124.2085,124.2085,0
USDJPY,1997-11-10,124.3889,124.3889,124.3889,124.3889,0
USDJPY,1997-11-12,126.3426,126.3426,126.3426,126.3426,0
USDJPY,1997-11-13,126.1723,126.1723,126.1723,126.1723,0
USDJPY,1997-11-14,127.0239,127.0239,127.0239,127.0239,0
USDJPY,1997-11-17,126.0921,126.0921,126.0921,126.0921,0
USDJPY,1997-11-18,126.0921,126.0921,126.0921,126.0921,0
USDJPY,1997-11-19,127.4648,127.4648,127.4648,127.4648,0
USDJPY,1997-11-20,127.054,127.054,127.054,127.054,0
USDJPY,1997-11-21,126.0921,126.0921,126.0921,126.0921,0
USDJPY,1997-11-24,127.3145,127.3145,127.3145,127.3145,0
USDJPY,1997-11-25,127.6952,127.6952,127.6952,127.6952,0
USDJPY,1997-11-26,127.7553,127.7553,127.7553,127.7553,0
USDJPY,1997-11-28,127.9858,127.9858,127.9858,127.9858,0
USDJPY,1997-12-01,129.3985,129.3985,129.3985,129.3985,0
USDJPY,1997-12-02,129.0177,129.0177,129.0177,129.0177,0
USDJPY,1997-12-03,128.9676,128.9676,128.9676,128.9676,0
USDJPY,1997-12-04,129.649,129.649,129.649,129.649,0
USDJPY,1997-12-05,130.4505,130.4505,130.4505,130.4505,0
USDJPY,1997-12-08,130.7511,130.7511,130.7511,130.7511,0
USDJPY,1997-12-09,130.0497,130.0497,130.0497,130.0497,0
USDJPY,1997-12-10,129.3384,129.3384,129.3384,129.3384,0
USDJPY,1997-12-11,130.17,130.17,130.17,130.17,0
USDJPY,1997-12-12,130.9815,130.9815,130.9815,130.9815,0
USDJPY,1997-12-15,131.3322,131.3322,131.3322,131.3322,0
USDJPY,1997-12-16,131.1218,131.1218,131.1218,131.1218,0
USDJPY,1997-12-17,127.2443,127.2443,127.2443,127.2443,0
USDJPY,1997-12-18,128.7773,128.7773,128.7773,128.7773,0
USDJPY,1997-12-19,129.3484,129.3484,129.3484,129.3484,0
USDJPY,1997-12-22,130.6308,130.6308,130.6308,130.6308,0
USDJPY,1997-12-23,130.2501,130.2501,130.2501,130.2501,0
USDJPY,1997-12-24,130.3102,130.3102,130.3102,130.3102,0
USDJPY,1997-12-26,130.5507,130.5507,130.5507,130.5507,0
USDJPY,1997-12-29,130.3002,130.3002,130.3002,130.3002,0
USDJPY,1997-12-30,130.3002,130.3002,130.3002,130.3002,0
USDJPY,1997-12-31,130.701,130.701,130.701,130.701,0
USDJPY,1998-01-02,132.6547,132.6547,132.6547,132.6547,0
USDJPY,1998-01-05,134.2478,134.2478,134.2478,134.2478,0
USDJPY,1998-01-06,134.1376,134.1376,134.1376,134.1376,0
USDJPY,1998-01-07,131.9534,131.9534,131.9534,131.9534,0
USDJPY,1998-01-08,132.7449,132.7449,132.7449,132.7449,0
USDJPY,1998-01-09,131.773,131.773,131.773,131.773,0
USDJPY,1998-01-12,133.0856,133.0856,133.0856,133.0856,0
USDJPY,1998-01-13,131.9734,131.9734,131.9734,131.9734,0
USDJPY,1998-01-14,131.6829,131.6829,131.6829,131.6829,0
USDJPY,1998-01-15,130.6609,130.6609,130.6609,130.6609,0
USDJPY,1998-01-16,129.128,129.128,129.128,129.128,0
USDJPY,1998-01-20,129.0478,129.0478,129.0478,129.0478,0
USDJPY,1998-01-21,127.7453,127.7453,127.7453,127.7453,0
USDJPY,1998-01-22,127.4648,127.4648,127.4648,127.4648,0
USDJPY,1998-01-23,126.022,126.022,126.022,126.022,0
USDJPY,1998-01-26,126.8836,126.8836,126.8836,126.8836,0
USDJPY,1998-01-27,126.2625,126.2625,126.2625,126.2625,0
USDJPY,1998-01-28,125.501,125.501,125.501,125.501,0
USDJPY,1998-01-29,125.6212,125.6212,125.6212,125.6212,0
USDJPY,1998-01-30,127.3445,127.3445,127.3445,127.3445,0
USDJPY,1998-02-02,126.8937,126.8937,126.8937,126.8937,0
USDJPY,1998-02-03,126.2625,126.2625,126.2625,126.2625,0
USDJPY,1998-02-04,124.0181,124.0181,124.0181,124.0181,0
USDJPY,1998-02-05,123.5472,123.5472,123.5472,123.5472,0
USDJPY,1998-02-06,124.4991,124.4991,124.4991,124.4991,0
USDJPY,1998-02-09,124.5191,124.5191,124.5191,124.5191,0
USDJPY,1998-02-10,123.7075,123.7075,123.7075,123.7075,0
USDJPY,1998-02-11,123.7677,123.7677,123.7677,123.7677,0
USDJPY,1998-02-12,124.0181,124.0181,124.0181,124.0181,0
USDJPY,1998-02-13,125.6112,125.6112,125.6112,125.6112,0
USDJPY,1998-02-17,127.1141,127.1141,127.1141,127.1141,0
USDJPY,1998-02-18,126.5931,126.5931,126.5931,126.5931,0
USDJPY,1998-02-19,126.4929,126.4929,126.4929,126.4929,0
USDJPY,1998-02-20,127.9757,127.9757,127.9757,127.9757,0
USDJPY,1998-02-23,129.168,129.168,129.168,129.168,0
USDJPY,1998-02-24,128.3966,128.3966,128.3966,128.3966,0
USDJPY,1998-02-25,128.8675,128.8675,128.8675,128.8675,0
USDJPY,1998-02-26,127.9657,127.9657,127.9657,127.9657,0
USDJPY,1998-02-27,126.3626,126.3626,126.3626,126.3626,0
USDJPY,1998-03-02,125.6212,125.6212,125.6212,125.6212,0
USDJPY,1998-03-03,126.2925,126.2925,126.2925,126.2925,0
USDJPY,1998-03-04,127.0339,127.0339,127.0339,127.0339,0
USDJPY,1998-03-05,127.8555,127.8555,127.8555,127.8555,0
USDJPY,1998-03-06,128.6671,128.6671,128.6671,128.6671,0
USDJPY,1998-03-09,128.0258,128.0258,128.0258,128.0258,0
USDJPY,1998-03-10,127.8755,127.8755,127.8755,127.8755,0
USDJPY,1998-03-11,129.5488,129.5488,129.5488,129.5488,0
USDJPY,1998-03-12,129.4987,129.4987,129.4987,129.4987,0
USDJPY,1998-03-13,128.4767,128.4767,128.4767,128.4767,0
USDJPY,1998-03-16,129.649,129.649,129.649,129.649,0
USDJPY,1998-03-17,129.659,129.659,129.659,129.659,0
USDJPY,1998-03-18,130.4204,130.4204,130.4204,130.4204,0
USDJPY,1998-03-19,130.6809,130.6809,130.6809,130.6809,0
USDJPY,1998-03-20,130.5908,130.5908,130.5908,130.5908,0
USDJPY,1998-03-23,130.5306,130.5306,130.5306,130.5306,0
USDJPY,1998-03-24,130.5006,130.5006,130.5006,130.5006,0
USDJPY,1998-03-25,129.0077,129.0077,129.0077,129.0077,0
USDJPY,1998-03-26,128.9576,128.9576,128.9576,128.9576,0
USDJPY,1998-03-27,130.4204,130.4204,130.4204,130.4204,0
USDJPY,1998-03-30,132.4143,132.4143,132.4143,132.4143,0
USDJPY,1998-03-31,133.5464,133.5464,133.5464,133.5464,0
USDJPY,1998-04-01,134.0173,134.0173,134.0173,134.0173,0
USDJPY,1998-04-02,133.7568,133.7568,133.7568,133.7568,0
USDJPY,1998-04-03,135.3098,135.3098,135.3098,135.3098,0
USDJPY,1998-04-06,134.9692,134.9692,134.9692,134.9692,0
USDJPY,1998-04-07,133.9372,133.9372,133.9372,133.9372,0
USDJPY,1998-04-08,132.8952,132.8952,132.8952,132.8952,0
USDJPY,1998-04-09,130.4605,130.4605,130.4605,130.4605,0
USDJPY,1998-04-10,129.2081,129.2081,129.2081,129.2081,0
USDJPY,1998-04-13,129.7692,129.7692,129.7692,129.7692,0
USDJPY,1998-04-14,129.5989,129.5989,129.5989,129.5989,0
USDJPY,1998-04-15,129.6991,129.6991,129.6991,129.6991,0
USDJPY,1998-04-16,132.0335,132.0335,132.0335,132.0335,0
USDJPY,1998-04-17,132.1037,132.1037,132.1037,132.1037,0
USDJPY,1998-04-20,132.4844,132.4844,132.4844,132.4844,0
USDJPY,1998-04-21,131.5827,131.5827,131.5827,131.5827,0
USDJPY,1998-04-22,131.0216,131.0216,131.0216,131.0216,0
USDJPY,1998-04-23,130.4405,130.4405,130.4405,130.4405,0
USDJPY,1998-04-24,131.1518,131.1518,131.1518,131.1518,0
USDJPY,1998-04-27,132.3441,132.3441,132.3441,132.3441,0
USDJPY,1998-04-28,132.4443,132.4443,132.4443,132.4443,0
USDJPY,1998-04-29,132.3041,132.3041,132.3041,132.3041,0
USDJPY,1998-04-30,132.6247,132.6247,132.6247,132.6247,0
USDJPY,1998-05-01,133.2659,133.2659,133.2659,133.2659,0
USDJPY,1998-05-04,133.2358,133.2358,133.2358,133.2358,0
USDJPY,1998-05-05,131.9935,131.9935,131.9935,131.9935,0
USDJPY,1998-05-06,132.9854,132.9854,132.9854,132.9854,0
USDJPY,1998-05-07,133.3461,133.3461,133.3461,133.3461,0
USDJPY,1998-05-08,133.1357,133.1357,133.1357,133.1357,0
USDJPY,1998-05-11,133.0956,133.0956,133.0956,133.0956,0
USDJPY,1998-05-12,134.2578,134.2578,134.2578,134.2578,0
USDJPY,1998-05-13,134.4382,134.4382,134.4382,134.4382,0
USDJPY,1998-05-14,134.4882,134.4882,134.4882,134.4882,0
USDJPY,1998-05-15,134.6486,134.6486,134.6486,134.6486,0
USDJPY,1998-05-18,136.2116,136.2116,136.2116,136.2116,0
USDJPY,1998-05-19,136.6023,136.6023,136.6023,136.6023,0
USDJPY,1998-05-20,136.2516,136.2516,136.2516,136.2516,0
USDJPY,1998-05-21,135.911,135.911,135.911,135.911,0
USDJPY,1998-05-22,136.0312,136.0312,136.0312,136.0312,0
USDJPY,1998-05-26,137.6443,137.6443,137.6443,137.6443,0
USDJPY,1998-05-27,137.6243,137.6243,137.6243,137.6243,0
USDJPY,1998-05-28,139.1773,139.1773,139.1773,139.1773,0
USDJPY,1998-05-29,138.7665,138.7665,138.7665,138.7665,0
USDJPY,1998-06-01,139.8385,139.8385,139.8385,139.8385,0
USDJPY,1998-06-02,139.2374,139.2374,139.2374,139.2374,0
USDJPY,1998-06-03,138.6062,138.6062,138.6062,138.6062,0
USDJPY,1998-06-04,138.6663,138.6663,138.6663,138.6663,0
USDJPY,1998-06-05,139.9287,139.9287,139.9287,139.9287,0
USDJPY,1998-06-08,140.8505,140.8505,140.8505,140.8505,0
USDJPY,1998-06-09,140.5198,140.5198,140.5198,140.5198,0
USDJPY,1998-06-10,141.7923,141.7923,141.7923,141.7923,0
USDJPY,1998-06-11,143.5256,143.5256,143.5256,143.5256,0
USDJPY,1998-06-12,144.6377,144.6377,144.6377,144.6377,0
USDJPY,1998-06-15,146.7017,146.7017,146.7017,146.7017,0
USDJPY,1998-06-16,144.3271,144.3271,144.3271,144.3271,0
USDJPY,1998-06-17,137.9449,137.9449,137.9449,137.9449,0
USDJPY,1998-06-18,137.8748,137.8748,137.8748,137.8748,0
USDJPY,1998-06-19,134.4582,134.4582,134.4582,134.4582,0
USDJPY,1998-06-22,138.1653,138.1653,138.1653,138.1653,0
USDJPY,1998-06-23,139.3977,139.3977,139.3977,139.3977,0
USDJPY,1998-06-24,141.0208,141.0208,141.0208,141.0208,0
USDJPY,1998-06-25,141.9426,141.9426,141.9426,141.9426,0
USDJPY,1998-06-26,143.0246,143.0246,143.0246,143.0246,0
USDJPY,1998-06-29,142.193,142.193,142.193,142.193,0
USDJPY,1998-06-30,138.5561,138.5561,138.5561,138.5561,0
USDJPY,1998-07-01,138.9168,138.9168,138.9168,138.9168,0
USDJPY,1998-07-02,141.7121,141.7121,141.7121,141.7121,0
USDJPY,1998-07-03,139.6181,139.6181,139.6181,139.6181,0
USDJPY,1998-07-06,140.4497,140.4497,140.4497,140.4497,0
USDJPY,1998-07-07,139.047,139.047,139.047,139.047,0
USDJPY,1998-07-08,139.8686,139.8686,139.8686,139.8686,0
USDJPY,1998-07-09,141.5718,141.5718,141.5718,141.5718,0
USDJPY,1998-07-10,141.3214,141.3214,141.3214,141.3214,0
USDJPY,1998-07-13,141.2512,141.2512,141.2512,141.2512,0
USDJPY,1998-07-14,140.109,140.109,140.109,140.109,0
USDJPY,1998-07-15,140.9406,140.9406,140.9406,140.9406,0
USDJPY,1998-07-16,140.5198,140.5198,140.5198,140.5198,0
USDJPY,1998-07-17,139.8686,139.8686,139.8686,139.8686,0
USDJPY,1998-07-20,139.1171,139.1171,139.1171,139.1171,0
USDJPY,1998-07-21,140.6601,140.6601,140.6601,140.6601,0
USDJPY,1998-07-22,141.3715,141.3715,141.3715,141.3715,0
USDJPY,1998-07-23,141.8123,141.8123,141.8123,141.8123,0
USDJPY,1998-07-24,141.2011,141.2011,141.2011,141.2011,0
USDJPY,1998-07-27,142.5137,142.5137,142.5137,142.5137,0
USDJPY,1998-07-28,142.0227,142.0227,142.0227,142.0227,0
USDJPY,1998-07-29,142.7341,142.7341,142.7341,142.7341,0
USDJPY,1998-07-30,142.7842,142.7842,142.7842,142.7842,0
USDJPY,1998-07-31,144.9283,144.9283,144.9283,144.9283,0
USDJPY,1998-08-03,146.0805,146.0805,146.0805,146.0805,0
USDJPY,1998-08-04,145.1187,145.1187,145.1187,145.1187,0
USDJPY,1998-08-05,144.6578,144.6578,144.6578,144.6578,0
USDJPY,1998-08-06,144.8782,144.8782,144.8782,144.8782,0
USDJPY,1998-08-07,146.5815,146.5815,146.5815,146.5815,0
USDJPY,1998-08-10,146.8219,146.8219,146.8219,146.8219,0
USDJPY,1998-08-11,147.4231,147.4231,147.4231,147.4231,0
USDJPY,1998-08-12,146.3711,146.3711,146.3711,146.3711,0
USDJPY,1998-08-13,145.3291,145.3291,145.3291,145.3291,0
USDJPY,1998-08-14,146.6516,146.6516,146.6516,146.6516,0
USDJPY,1998-08-17,146.0605,146.0605,146.0605,146.0605,0
USDJPY,1998-08-18,145.299,145.299,145.299,145.299,0
USDJPY,1998-08-19,144.1268,144.1268,144.1268,144.1268,0
USDJPY,1998-08-20,142.8744,142.8744,142.8744,142.8744,0
USDJPY,1998-08-21,145.2189,145.2189,145.2189,145.2189,0
USDJPY,1998-08-24,144.237,144.237,144.237,144.237,0
USDJPY,1998-08-25,145.2189,145.2189,145.2189,145.2189,0
USDJPY,1998-08-26,144.7079,144.7079,144.7079,144.7079,0
USDJPY,1998-08-27,142.4736,142.4736,142.4736,142.4736,0
USDJPY,1998-08-28,142.8243,142.8243,142.8243,142.8243,0
USDJPY,1998-08-31,141.1711,141.1711,141.1711,141.1711,0
USDJPY,1998-09-01,136.4921,136.4921,136.4921,136.4921,0
USDJPY,1998-09-02,138.025,138.025,138.025,138.025,0
USDJPY,1998-09-03,135.0794,135.0794,135.0794,135.0794,0
USDJPY,1998-09-04,134.2478,134.2478,134.2478,134.2478,0
USDJPY,1998-09-08,132.3541,132.3541,132.3541,132.3541,0
USDJPY,1998-09-09,136.7125,136.7125,136.7125,136.7125,0
USDJPY,1998-09-10,134.5784,134.5784,134.5784,134.5784,0
USDJPY,1998-09-11,131.3021,131.3021,131.3021,131.3021,0
USDJPY,1998-09-14,133.4763,133.4763,133.4763,133.4763,0
USDJPY,1998-09-15,133.306,133.306,133.306,133.306,0
USDJPY,1998-09-16,135.1796,135.1796,135.1796,135.1796,0
USDJPY,1998-09-17,132.1337,132.1337,132.1337,132.1337,0
USDJPY,1998-09-18,132.8852,132.8852,132.8852,132.8852,0
USDJPY,1998-09-21,133.6567,133.6567,133.6567,133.6567,0
USDJPY,1998-09-22,135.4601,135.4601,135.4601,135.4601,0
USDJPY,1998-09-23,136.7125,136.7125,136.7125,136.7125,0
USDJPY,1998-09-24,135.5904,135.5904,135.5904,135.5904,0
USDJPY,1998-09-25,135.3599,135.3599,135.3599,135.3599,0
USDJPY,1998-09-28,135.9611,135.9611,135.9611,135.9611,0
USDJPY,1998-09-29,134.1576,134.1576,134.1576,134.1576,0
USDJPY,1998-09-30,136.8528,136.8528,136.8528,136.8528,0
USDJPY,1998-10-01,136.0112,136.0112,136.0112,136.0112,0
USDJPY,1998-10-02,135.8609,135.8609,135.8609,135.8609,0
USDJPY,1998-10-05,134.7988,134.7988,134.7988,134.7988,0
USDJPY,1998-10-06,131.4023,131.4023,131.4023,131.4023,0
USDJPY,1998-10-07,124.2085,124.2085,124.2085,124.2085,0
USDJPY,1998-10-08,119.0787,119.0787,119.0787,119.0787,0
USDJPY,1998-10-09,117.2251,117.2251,117.2251,117.2251,0
USDJPY,1998-10-13,119.0787,119.0787,119.0787,119.0787,0
USDJPY,1998-10-14,119.4995,119.4995,119.4995,119.4995,0
USDJPY,1998-10-15,117.7261,117.7261,117.7261,117.7261,0
USDJPY,1998-10-16,115.6721,115.6721,115.6721,115.6721,0
USDJPY,1998-10-19,114.6802,114.6802,114.6802,114.6802,0
USDJPY,1998-10-20,118.3172,118.3172,118.3172,118.3172,0
USDJPY,1998-10-21,117.0748,117.0748,117.0748,117.0748,0
USDJPY,1998-10-22,118.1068,118.1068,118.1068,118.1068,0
USDJPY,1998-10-23,118.2871,118.2871,118.2871,118.2871,0
USDJPY,1998-10-26,119.0686,119.0686,119.0686,119.0686,0
USDJPY,1998-10-27,118.8282,118.8282,118.8282,118.8282,0
USDJPY,1998-10-28,117.7862,117.7862,117.7862,117.7862,0
USDJPY,1998-10-29,117.5257,117.5257,117.5257,117.5257,0
USDJPY,1998-10-30,116.674,116.674,116.674,116.674,0
USDJPY,1998-11-02,114.7403,114.7403,114.7403,114.7403,0
USDJPY,1998-11-03,115.7222,115.7222,115.7222,115.7222,0
USDJPY,1998-11-04,116.7742,116.7742,116.7742,116.7742,0
USDJPY,1998-11-05,117.676,117.676,117.676,117.676,0
USDJPY,1998-11-06,118.9584,118.9584,118.9584,118.9584,0
USDJPY,1998-11-09,122.2147,122.2147,122.2147,122.2147,0
USDJPY,1998-11-10,123.1164,123.1164,123.1164,123.1164,0
USDJPY,1998-11-12,123.0062,123.0062,123.0062,123.0062,0
USDJPY,1998-11-13,122.916,122.916,122.916,122.916,0
USDJPY,1998-11-16,119.9303,119.9303,119.9303,119.9303,0
USDJPY,1998-11-17,121.5334,121.5334,121.5334,121.5334,0
USDJPY,1998-11-18,121.6736,121.6736,121.6736,121.6736,0
USDJPY,1998-11-19,119.8802,119.8802,119.8802,119.8802,0
USDJPY,1998-11-20,120.5515,120.5515,120.5515,120.5515,0
USDJPY,1998-11-23,121.1627,121.1627,121.1627,121.1627,0
USDJPY,1998-11-24,121.0825,121.0825,121.0825,121.0825,0
USDJPY,1998-11-25,122.0343,122.0343,122.0343,122.0343,0
USDJPY,1998-11-27,123.4771,123.4771,123.4771,123.4771,0
USDJPY,1998-11-30,123.447,123.447,123.447,123.447,0
USDJPY,1998-12-01,122.4351,122.4351,122.4351,122.4351,0
USDJPY,1998-12-02,120.4012,120.4012,120.4012,120.4012,0
USDJPY,1998-12-03,119.0185,119.0185,119.0185,119.0185,0
USDJPY,1998-12-04,119.5796,119.5796,119.5796,119.5796,0
USDJPY,1998-12-07,119.8602,119.8602,119.8602,119.8602,0
USDJPY,1998-12-08,119.78,119.78,119.78,119.78,0
USDJPY,1998-12-09,118.3072,118.3072,118.3072,118.3072,0
USDJPY,1998-12-10,117.2952,117.2952,117.2952,117.2952,0
USDJPY,1998-12-11,117.0047,117.0047,117.0047,117.0047,0
USDJPY,1998-12-14,115.3014,115.3014,115.3014,115.3014,0
USDJPY,1998-12-15,116.9546,116.9546,116.9546,116.9546,0
USDJPY,1998-12-16,115.9026,115.9026,115.9026,115.9026,0
USDJPY,1998-12-17,116.5538,116.5538,116.5538,116.5538,0
USDJPY,1998-12-18,115.8925,115.8925,115.8925,115.8925,0
USDJPY,1998-12-21,116.3033,116.3033,116.3033,116.3033,0
USDJPY,1998-12-22,117.0748,117.0748,117.0748,117.0748,0
USDJPY,1998-12-23,116.2432,116.2432,116.2432,116.2432,0
USDJPY,1998-12-24,116.4636,116.4636,116.4636,116.4636,0
USDJPY,1998-12-28,116.1029,116.1029,116.1029,116.1029,0
USDJPY,1998-12-29,115.6421,115.6421,115.6421,115.6421,0
USDJPY,1998-12-30,115.101,115.101,115.101,115.101,0
USDJPY,1998-12-31,113.2976,113.2976,113.2976,113.2976,0
USDJPY,1999-01-04,112.3658,112.3658,112.3658,112.3658,0
USDJPY,1999-01-05,111.3638,111.3638,111.3638,111.3638,0
USDJPY,1999-01-06,112.997,112.997,112.997,112.997,0
USDJPY,1999-01-07,111.9049,111.9049,111.9049,111.9049,0
USDJPY,1999-01-08,111.7346,111.7346,111.7346,111.7346,0
USDJPY,1999-01-11,109.0394,109.0394,109.0394,109.0394,0
USDJPY,1999-01-12,112.2856,112.2856,112.2856,112.2856,0
USDJPY,1999-01-13,113.6783,113.6783,113.6783,113.6783,0
USDJPY,1999-01-14,113.4679,113.4679,113.4679,113.4679,0
USDJPY,1999-01-15,114.4097,114.4097,114.4097,114.4097,0
USDJPY,1999-01-19,113.9789,113.9789,113.9789,113.9789,0
USDJPY,1999-01-20,113.6683,113.6683,113.6683,113.6683,0
USDJPY,1999-01-21,113.9688,113.9688,113.9688,113.9688,0
USDJPY,1999-01-22,114.8706,114.8706,114.8706,114.8706,0
USDJPY,1999-01-25,114.0189,114.0189,114.0189,114.0189,0
USDJPY,1999-01-26,114.2494,114.2494,114.2494,114.2494,0
USDJPY,1999-01-27,115.8424,115.8424,115.8424,115.8424,0
USDJPY,1999-01-28,116.5839,116.5839,116.5839,116.5839,0
USDJPY,1999-01-29,116.2232,116.2232,116.2232,116.2232,0
USDJPY,1999-02-01,115.3114,115.3114,115.3114,115.3114,0
USDJPY,1999-02-02,112.3357,112.3357,112.3357,112.3357,0
USDJPY,1999-02-03,112.6764,112.6764,112.6764,112.6764,0
USDJPY,1999-02-04,112.2455,112.2455,112.2455,112.2455,0
USDJPY,1999-02-05,113.3577,113.3577,113.3577,113.3577,0
USDJPY,1999-02-08,114.6001,114.6001,114.6001,114.6001,0
USDJPY,1999-02-09,114.6401,114.6401,114.6401,114.6401,0
USDJPY,1999-02-10,114.6702,114.6702,114.6702,114.6702,0
USDJPY,1999-02-11,114.9207,114.9207,114.9207,114.9207,0
USDJPY,1999-02-12,114.5399,114.5399,114.5399,114.5399,0
USDJPY,1999-02-16,118.3072,118.3072,118.3072,118.3072,0
USDJPY,1999-02-17,119.259,119.259,119.259,119.259,0
USDJPY,1999-02-18,120.0505,120.0505,120.0505,120.0505,0
USDJPY,1999-02-19,121.2328,121.2328,121.2328,121.2328,0
USDJPY,1999-02-22,120.5815,120.5815,120.5815,120.5815,0
USDJPY,1999-02-23,121.6837,121.6837,121.6837,121.6837,0
USDJPY,1999-02-24,122.1345,122.1345,122.1345,122.1345,0
USDJPY,1999-02-25,119.4894,119.4894,119.4894,119.4894,0
USDJPY,1999-02-26,118.9284,118.9284,118.9284,118.9284,0
USDJPY,1999-03-01,120.0205,120.0205,120.0205,120.0205,0
USDJPY,1999-03-02,120.7018,120.7018,120.7018,120.7018,0
USDJPY,1999-03-03,121.9141,121.9141,121.9141,121.9141,0
USDJPY,1999-03-04,123.7376,123.7376,123.7376,123.7376,0
USDJPY,1999-03-05,122.8058,122.8058,122.8058,122.8058,0
USDJPY,1999-03-08,121.9642,121.9642,121.9642,121.9642,0
USDJPY,1999-03-09,121.6336,121.6336,121.6336,121.6336,0
USDJPY,1999-03-10,120.0706,120.0706,120.0706,120.0706,0
USDJPY,1999-03-11,119.8,119.8,119.8,119.8,0
USDJPY,1999-03-12,119.2189,119.2189,119.2189,119.2189,0
USDJPY,1999-03-15,117.9264,117.9264,117.9264,117.9264,0
USDJPY,1999-03-16,117.9665,117.9665,117.9665,117.9665,0
USDJPY,1999-03-17,118.3773,118.3773,118.3773,118.3773,0
USDJPY,1999-03-18,117.7561,117.7561,117.7561,117.7561,0
USDJPY,1999-03-19,117.2752,117.2752,117.2752,117.2752,0
USDJPY,1999-03-22,118.3673,118.3673,118.3673,118.3673,0
USDJPY,1999-03-23,118.2471,118.2471,118.2471,118.2471,0
USDJPY,1999-03-24,117.5758,117.5758,117.5758,117.5758,0
USDJPY,1999-03-25,118.2771,118.2771,118.2771,118.2771,0
USDJPY,1999-03-26,120.5314,120.5314,120.5314,120.5314,0
USDJPY,1999-03-29,120.0104,120.0104,120.0104,120.0104,0
USDJPY,1999-03-30,120.3311,120.3311,120.3311,120.3311,0
USDJPY,1999-03-31,118.6578,118.6578,118.6578,118.6578,0
USDJPY,1999-04-01,120.4212,120.4212,120.4212,120.4212,0
USDJPY,1999-04-02,120.832,120.832,120.832,120.832,0
USDJPY,1999-04-05,122.2347,122.2347,122.2347,122.2347,0
USDJPY,1999-04-06,120.9723,120.9723,120.9723,120.9723,0
USDJPY,1999-04-07,121.5734,121.5734,121.5734,121.5734,0
USDJPY,1999-04-08,121.0825,121.0825,121.0825,121.0825,0
USDJPY,1999-04-09,121.323,121.323,121.323,121.323,0
USDJPY,1999-04-12,120.3711,120.3711,120.3711,120.3711,0
USDJPY,1999-04-13,120.2709,120.2709,120.2709,120.2709,0
USDJPY,1999-04-14,119.1187,119.1187,119.1187,119.1187,0
USDJPY,1999-04-15,119.269,119.269,119.269,119.269,0
USDJPY,1999-04-16,118.0868,118.0868,118.0868,118.0868,0
USDJPY,1999-04-19,118.217,118.217,118.217,118.217,0
USDJPY,1999-04-20,118.4074,118.4074,118.4074,118.4074,0
USDJPY,1999-04-21,119.9904,119.9904,119.9904,119.9904,0
USDJPY,1999-04-22,120.0706,120.0706,120.0706,120.0706,0
USDJPY,1999-04-23,119.4894,119.4894,119.4894,119.4894,0
USDJPY,1999-04-26,119.3592,119.3592,119.3592,119.3592,0
USDJPY,1999-04-27,120.4613,120.4613,120.4613,120.4613,0
USDJPY,1999-04-28,119.3592,119.3592,119.3592,119.3592,0
USDJPY,1999-04-29,119.4894,119.4894,119.4894,119.4894,0
USDJPY,1999-04-30,119.6598,119.6598,119.6598,119.6598,0
USDJPY,1999-05-03,120.3711,120.3711,120.3711,120.3711,0
USDJPY,1999-05-04,121.1727,121.1727,121.1727,121.1727,0
USDJPY,1999-05-05,121.1426,121.1426,121.1426,121.1426,0
USDJPY,1999-05-06,121.0024,121.0024,121.0024,121.0024,0
USDJPY,1999-05-07,121.0124,121.0124,121.0124,121.0124,0
USDJPY,1999-05-10,120.9122,120.9122,120.9122,120.9122,0
USDJPY,1999-05-11,121.1927,121.1927,121.1927,121.1927,0
USDJPY,1999-05-12,121.0925,121.0925,121.0925,121.0925,0
USDJPY,1999-05-13,121.9041,121.9041,121.9041,121.9041,0
USDJPY,1999-05-14,122.8759,122.8759,122.8759,122.8759,0
USDJPY,1999-05-17,123.5072,123.5072,123.5072,123.5072,0
USDJPY,1999-05-18,123.4771,123.4771,123.4771,123.4771,0
USDJPY,1999-05-19,124.6894,124.6894,124.6894,124.6894,0
USDJPY,1999-05-20,124.3889,124.3889,124.3889,124.3889,0
USDJPY,1999-05-21,124.1384,124.1384,124.1384,124.1384,0
USDJPY,1999-05-24,123.8077,123.8077,123.8077,123.8077,0
USDJPY,1999-05-25,123.1164,123.1164,123.1164,123.1164,0
USDJPY,1999-05-26,122.2648,122.2648,122.2648,122.2648,0
USDJPY,1999-05-27,121.5033,121.5033,121.5033,121.5033,0
USDJPY,1999-05-28,121.1126,121.1126,121.1126,121.1126,0
USDJPY,1999-06-01,120.9823,120.9823,120.9823,120.9823,0
USDJPY,1999-06-02,121.3731,121.3731,121.3731,121.3731,0
USDJPY,1999-06-03,121.7338,121.7338,121.7338,121.7338,0
USDJPY,1999-06-04,122.2247,122.2247,122.2247,122.2247,0
USDJPY,1999-06-07,121.5434,121.5434,121.5434,121.5434,0
USDJPY,1999-06-08,120.1106,120.1106,120.1106,120.1106,0
USDJPY,1999-06-09,119.4293,119.4293,119.4293,119.4293,0
USDJPY,1999-06-10,119.0787,119.0787,119.0787,119.0787,0
USDJPY,1999-06-11,118.3673,118.3673,118.3673,118.3673,0
USDJPY,1999-06-14,120.6316,120.6316,120.6316,120.6316,0
USDJPY,1999-06-15,120.8621,120.8621,120.8621,120.8621,0
USDJPY,1999-06-16,120.2609,120.2609,120.2609,120.2609,0
USDJPY,1999-06-17,119.6999,119.6999,119.6999,119.6999,0
USDJPY,1999-06-18,120.7118,120.7118,120.7118,120.7118,0
USDJPY,1999-06-21,122.5153,122.5153,122.5153,122.5153,0
USDJPY,1999-06-22,121.9141,121.9141,121.9141,121.9141,0
USDJPY,1999-06-23,122.2848,122.2848,122.2848,122.2848,0
USDJPY,1999-06-24,122.0644,122.0644,122.0644,122.0644,0
USDJPY,1999-06-25,121.5133,121.5133,121.5133,121.5133,0
USDJPY,1999-06-28,121.5334,121.5334,121.5334,121.5334,0
USDJPY,1999-06-29,121.0424,121.0424,121.0424,121.0424,0
USDJPY,1999-06-30,121.1727,121.1727,121.1727,121.1727,0
USDJPY,1999-07-01,121.2228,121.2228,121.2228,121.2228,0
USDJPY,1999-07-02,121.363,121.363,121.363,121.363,0
USDJPY,1999-07-06,122.1746,122.1746,122.1746,122.1746,0
USDJPY,1999-07-07,122.4251,122.4251,122.4251,122.4251,0
USDJPY,1999-07-08,122.8058,122.8058,122.8058,122.8058,0
USDJPY,1999-07-09,122.6054,122.6054,122.6054,122.6054,0
USDJPY,1999-07-12,122.4551,122.4551,122.4551,122.4551,0
USDJPY,1999-07-13,121.6135,121.6135,121.6135,121.6135,0
USDJPY,1999-07-14,120.812,120.812,120.812,120.812,0
USDJPY,1999-07-15,120.7218,120.7218,120.7218,120.7218,0
USDJPY,1999-07-16,121.2128,121.2128,121.2128,121.2128,0
USDJPY,1999-07-19,119.4093,119.4093,119.4093,119.4093,0
USDJPY,1999-07-20,119.1688,119.1688,119.1688,119.1688,0
USDJPY,1999-07-21,118.4775,118.4775,118.4775,118.4775,0
USDJPY,1999-07-22,117.4956,117.4956,117.4956,117.4956,0
USDJPY,1999-07-23,116.7342,116.7342,116.7342,116.7342,0
USDJPY,1999-07-26,116.8844,116.8844,116.8844,116.8844,0
USDJPY,1999-07-27,116.4536,116.4536,116.4536,116.4536,0
USDJPY,1999-07-28,116.3935,116.3935,116.3935,116.3935,0
USDJPY,1999-07-29,115.4116,115.4116,115.4116,115.4116,0
USDJPY,1999-07-30,114.9207,114.9207,114.9207,114.9207,0
USDJPY,1999-08-02,114.7303,114.7303,114.7303,114.7303,0
USDJPY,1999-08-03,115.3214,115.3214,115.3214,115.3214,0
USDJPY,1999-08-04,114.4197,114.4197,114.4197,114.4197,0
USDJPY,1999-08-05,114.1993,114.1993,114.1993,114.1993,0
USDJPY,1999-08-06,114.8205,114.8205,114.8205,114.8205,0
USDJPY,1999-08-09,115.592,115.592,115.592,115.592,0
USDJPY,1999-08-10,114.6602,114.6602,114.6602,114.6602,0
USDJPY,1999-08-11,115.3214,115.3214,115.3214,115.3214,0
USDJPY,1999-08-12,115.9827,115.9827,115.9827,115.9827,0
USDJPY,1999-08-13,115.8825,115.8825,115.8825,115.8825,0
USDJPY,1999-08-16,115.0509,115.0509,115.0509,115.0509,0
USDJPY,1999-08-17,114.3997,114.3997,114.3997,114.3997,0
USDJPY,1999-08-18,112.5161,112.5161,112.5161,112.5161,0
USDJPY,1999-08-19,111.3538,111.3538,111.3538,111.3538,0
USDJPY,1999-08-20,111.6544,111.6544,111.6544,111.6544,0
USDJPY,1999-08-23,111.945,111.945,111.945,111.945,0
USDJPY,1999-08-24,111.7446,111.7446,111.7446,111.7446,0
USDJPY,1999-08-25,111.3939,111.3939,111.3939,111.3939,0
USDJPY,1999-08-26,112.0452,112.0452,112.0452,112.0452,0
USDJPY,1999-08-27,111.8949,111.8949,111.8949,111.8949,0
USDJPY,1999-08-30,111.3438,111.3438,111.3438,111.3438,0
USDJPY,1999-08-31,109.5103,109.5103,109.5103,109.5103,0
USDJPY,1999-09-01,109.5604,109.5604,109.5604,109.5604,0
USDJPY,1999-09-02,109.4502,109.4502,109.4502,109.4502,0
USDJPY,1999-09-03,110.3018,110.3018,110.3018,110.3018,0
USDJPY,1999-09-07,111.1334,111.1334,111.1334,111.1334,0
USDJPY,1999-09-08,111.2035,111.2035,111.2035,111.2035,0
USDJPY,1999-09-09,108.2078,108.2078,108.2078,108.2078,0
USDJPY,1999-09-10,109.2097,109.2097,109.2097,109.2097,0
USDJPY,1999-09-13,106.3943,106.3943,106.3943,106.3943,0
USDJPY,1999-09-14,105.5326,105.5326,105.5326,105.5326,0
USDJPY,1999-09-15,103.9797,103.9797,103.9797,103.9797,0
USDJPY,1999-09-16,105.3022,105.3022,105.3022,105.3022,0
USDJPY,1999-09-17,107.1457,107.1457,107.1457,107.1457,0
USDJPY,1999-09-20,106.6247,106.6247,106.6247,106.6247,0
USDJPY,1999-09-21,105.0517,105.0517,105.0517,105.0517,0
USDJPY,1999-09-22,104.2301,104.2301,104.2301,104.2301,0
USDJPY,1999-09-23,104.3804,104.3804,104.3804,104.3804,0
USDJPY,1999-09-24,104.3404,104.3404,104.3404,104.3404,0
USDJPY,1999-09-27,106.2741,106.2741,106.2741,106.2741,0
USDJPY,1999-09-28,106.3442,106.3442,106.3442,106.3442,0
USDJPY,1999-09-29,107.0055,107.0055,107.0055,107.0055,0
USDJPY,1999-09-30,107.0255,107.0255,107.0255,107.0255,0
USDJPY,1999-10-01,105.2822,105.2822,105.2822,105.2822,0
USDJPY,1999-10-04,106.5546,106.5546,106.5546,106.5546,0
USDJPY,1999-10-05,107.1658,107.1658,107.1658,107.1658,0
USDJPY,1999-10-06,107.7469,107.7469,107.7469,107.7469,0
USDJPY,1999-10-07,107.8771,107.8771,107.8771,107.8771,0
USDJPY,1999-10-08,107.5866,107.5866,107.5866,107.5866,0
USDJPY,1999-10-12,106.4845,106.4845,106.4845,106.4845,0
USDJPY,1999-10-13,107.6567,107.6567,107.6567,107.6567,0
USDJPY,1999-10-14,107.1658,107.1658,107.1658,107.1658,0
USDJPY,1999-10-15,105.6328,105.6328,105.6328,105.6328,0
USDJPY,1999-10-18,105.1319,105.1319,105.1319,105.1319,0
USDJPY,1999-10-19,105.703,105.703,105.703,105.703,0
USDJPY,1999-10-20,106.3642,106.3642,106.3642,106.3642,0
USDJPY,1999-10-21,106.1639,106.1639,106.1639,106.1639,0
USDJPY,1999-10-22,106.0136,106.0136,106.0136,106.0136,0
USDJPY,1999-10-25,105.5527,105.5527,105.5527,105.5527,0
USDJPY,1999-10-26,105.0317,105.0317,105.0317,105.0317,0
USDJPY,1999-10-27,104.4405,104.4405,104.4405,104.4405,0
USDJPY,1999-10-28,105.3323,105.3323,105.3323,105.3323,0
USDJPY,1999-10-29,104.4906,104.4906,104.4906,104.4906,0
USDJPY,1999-11-01,104.3905,104.3905,104.3905,104.3905,0
USDJPY,1999-11-02,104.3504,104.3504,104.3504,104.3504,0
USDJPY,1999-11-03,105.202,105.202,105.202,105.202,0
USDJPY,1999-11-04,104.681,104.681,104.681,104.681,0
USDJPY,1999-11-05,106.5346,106.5346,106.5346,106.5346,0
USDJPY,1999-11-08,105.9735,105.9735,105.9735,105.9735,0
USDJPY,1999-11-09,105.0617,105.0617,105.0617,105.0617,0
USDJPY,1999-11-10,104.7812,104.7812,104.7812,104.7812,0
USDJPY,1999-11-12,105.5427,105.5427,105.5427,105.5427,0
USDJPY,1999-11-15,105.0818,105.0818,105.0818,105.0818,0
USDJPY,1999-11-16,106.0336,106.0336,106.0336,106.0336,0
USDJPY,1999-11-17,105.6729,105.6729,105.6729,105.6729,0
USDJPY,1999-11-18,106.0536,106.0536,106.0536,106.0536,0
USDJPY,1999-11-19,106.3342,106.3342,106.3342,106.3342,0
USDJPY,1999-11-22,105.0718,105.0718,105.0718,105.0718,0
USDJPY,1999-11-23,104.4005,104.4005,104.4005,104.4005,0
USDJPY,1999-11-24,104.8213,104.8213,104.8213,104.8213,0
USDJPY,1999-11-26,102.3866,102.3866,102.3866,102.3866,0
USDJPY,1999-11-29,102.6271,102.6271,102.6271,102.6271,0
USDJPY,1999-11-30,101.9959,101.9959,101.9959,101.9959,0
USDJPY,1999-12-01,102.567,102.567,102.567,102.567,0
USDJPY,1999-12-02,102.8876,102.8876,102.8876,102.8876,0
USDJPY,1999-12-03,102.7473,102.7473,102.7473,102.7473,0
USDJPY,1999-12-06,103.2984,103.2984,103.2984,103.2984,0
USDJPY,1999-12-07,102.587,102.587,102.587,102.587,0
USDJPY,1999-12-08,103.1681,103.1681,103.1681,103.1681,0
USDJPY,1999-12-09,102.7673,102.7673,102.7673,102.7673,0
USDJPY,1999-12-10,102.597,102.597,102.597,102.597,0
USDJPY,1999-12-13,103.4587,103.4587,103.4587,103.4587,0
USDJPY,1999-12-14,103.6691,103.6691,103.6691,103.6691,0
USDJPY,1999-12-15,103.7392,103.7392,103.7392,103.7392,0
USDJPY,1999-12-16,103.2382,103.2382,103.2382,103.2382,0
USDJPY,1999-12-17,103.4687,103.4687,103.4687,103.4687,0
USDJPY,1999-12-20,102.9176,102.9176,102.9176,102.9176,0
USDJPY,1999-12-21,102.2564,102.2564,102.2564,102.2564,0
USDJPY,1999-12-22,101.7253,101.7253,101.7253,101.7253,0
USDJPY,1999-12-23,101.9257,101.9257,101.9257,101.9257,0
USDJPY,1999-12-24,103.1481,103.1481,103.1481,103.1481,0
USDJPY,1999-12-27,102.2964,102.2964,102.2964,102.2964,0
USDJPY,1999-12-28,102.3866,102.3866,102.3866,102.3866,0
USDJPY,1999-12-29,102.2463,102.2463,102.2463,102.2463,0
USDJPY,1999-12-30,102.5269,102.5269,102.5269,102.5269,0
USDJPY,1999-12-31,102.3565,102.3565,102.3565,102.3565,0
USDJPY,2000-01-03,101.8957,101.8957,101.8957,101.8957,0
USDJPY,2000-01-04,103.2883,103.2883,103.2883,103.2883,0
USDJPY,2000-01-05,103.9696,103.9696,103.9696,103.9696,0
USDJPY,2000-01-06,105.3924,105.3924,105.3924,105.3924,0
USDJPY,2000-01-07,105.3723,105.3723,105.3723,105.3723,0
USDJPY,2000-01-10,105.4826,105.4826,105.4826,105.4826,0
USDJPY,2000-01-11,106.2941,106.2941,106.2941,106.2941,0
USDJPY,2000-01-12,105.9635,105.9635,105.9635,105.9635,0
USDJPY,2000-01-13,106.2941,106.2941,106.2941,106.2941,0
USDJPY,2000-01-14,106.0637,106.0637,106.0637,106.0637,0
USDJPY,2000-01-18,105.693,105.693,105.693,105.693,0
USDJPY,2000-01-19,105.5928,105.5928,105.5928,105.5928,0
USDJPY,2000-01-20,105.6529,105.6529,105.6529,105.6529,0
USDJPY,2000-01-21,105.1619,105.1619,105.1619,105.1619,0
USDJPY,2000-01-24,105.723,105.723,105.723,105.723,0
USDJPY,2000-01-25,106.0737,106.0737,106.0737,106.0737,0
USDJPY,2000-01-26,106.0536,106.0536,106.0536,106.0536,0
USDJPY,2000-01-27,105.1118,105.1118,105.1118,105.1118,0
USDJPY,2000-01-28,107.3561,107.3561,107.3561,107.3561,0
USDJPY,2000-01-31,107.5365,107.5365,107.5365,107.5365,0
USDJPY,2000-02-01,107.8771,107.8771,107.8771,107.8771,0
USDJPY,2000-02-02,108.6086,108.6086,108.6086,108.6086,0
USDJPY,2000-02-03,108.1276,108.1276,108.1276,108.1276,0
USDJPY,2000-02-04,107.7469,107.7469,107.7469,107.7469,0
USDJPY,2000-02-07,108.9592,108.9592,108.9592,108.9592,0
USDJPY,2000-02-08,109.8008,109.8008,109.8008,109.8008,0
USDJPY,2000-02-09,109.3199,109.3199,109.3199,109.3199,0
USDJPY,2000-02-10,108.9492,108.9492,108.9492,108.9492,0
USDJPY,2000-02-11,109.1997,109.1997,109.1997,109.1997,0
USDJPY,2000-02-14,108.859,108.859,108.859,108.859,0
USDJPY,2000-02-15,108.9592,108.9592,108.9592,108.9592,0
USDJPY,2000-02-16,109.5904,109.5904,109.5904,109.5904,0
USDJPY,2000-02-17,110.4822,110.4822,110.4822,110.4822,0
USDJPY,2000-02-18,111.0933,111.0933,111.0933,111.0933,0
USDJPY,2000-02-22,111.2536,111.2536,111.2536,111.2536,0
USDJPY,2000-02-23,111.3238,111.3238,111.3238,111.3238,0
USDJPY,2000-02-24,111.1635,111.1635,111.1635,111.1635,0
USDJPY,2000-02-25,111.1935,111.1935,111.1935,111.1935,0
USDJPY,2000-02-28,109.38,109.38,109.38,109.38,0
USDJPY,2000-02-29,110.0914,110.0914,110.0914,110.0914,0
USDJPY,2000-03-01,107.3061,107.3061,107.3061,107.3061,0
USDJPY,2000-03-02,107.5766,107.5766,107.5766,107.5766,0
USDJPY,2000-03-03,108.0074,108.0074,108.0074,108.0074,0
USDJPY,2000-03-06,107.9473,107.9473,107.9473,107.9473,0
USDJPY,2000-03-07,106.4043,106.4043,106.4043,106.4043,0
USDJPY,2000-03-08,107.0956,107.0956,107.0956,107.0956,0
USDJPY,2000-03-09,106.6548,106.6548,106.6548,106.6548,0
USDJPY,2000-03-10,106.4745,106.4745,106.4745,106.4745,0
USDJPY,2000-03-13,105.5226,105.5226,105.5226,105.5226,0
USDJPY,2000-03-14,105.0517,105.0517,105.0517,105.0517,0
USDJPY,2000-03-15,105.7831,105.7831,105.7831,105.7831,0
USDJPY,2000-03-16,105.8332,105.8332,105.8332,105.8332,0
USDJPY,2000-03-17,106.3041,106.3041,106.3041,106.3041,0
USDJPY,2000-03-20,106.7049,106.7049,106.7049,106.7049,0
USDJPY,2000-03-21,107.1157,107.1157,107.1157,107.1157,0
USDJPY,2000-03-22,106.9754,106.9754,106.9754,106.9754,0
USDJPY,2000-03-23,107.6567,107.6567,107.6567,107.6567,0
USDJPY,2000-03-24,107.4563,107.4563,107.4563,107.4563,0
USDJPY,2000-03-27,107.3361,107.3361,107.3361,107.3361,0
USDJPY,2000-03-28,106.1037,106.1037,106.1037,106.1037,0
USDJPY,2000-03-29,105.8032,105.8032,105.8032,105.8032,0
USDJPY,2000-03-30,105.733,105.733,105.733,105.733,0
USDJPY,2000-03-31,102.9276,102.9276,102.9276,102.9276,0
USDJPY,2000-04-03,105.0217,105.0217,105.0217,105.0217,0
USDJPY,2000-04-04,105.5326,105.5326,105.5326,105.5326,0
USDJPY,2000-04-05,105.202,105.202,105.202,105.202,0
USDJPY,2000-04-06,104.9816,104.9816,104.9816,104.9816,0
USDJPY,2000-04-07,105.5326,105.5326,105.5326,105.5326,0
USDJPY,2000-04-10,106.5746,106.5746,106.5746,106.5746,0
USDJPY,2000-04-11,107.1558,107.1558,107.1558,107.1558,0
USDJPY,2000-04-12,106.0637,106.0637,106.0637,106.0637,0
USDJPY,2000-04-13,105.9635,105.9635,105.9635,105.9635,0
USDJPY,2000-04-14,105.3222,105.3222,105.3222,105.3222,0
USDJPY,2000-04-17,104.3905,104.3905,104.3905,104.3905,0
USDJPY,2000-04-18,104.7912,104.7912,104.7912,104.7912,0
USDJPY,2000-04-19,105.1419,105.1419,105.1419,105.1419,0
USDJPY,2000-04-20,105.6529,105.6529,105.6529,105.6529,0
USDJPY,2000-04-21,106.0837,106.0837,106.0837,106.0837,0
USDJPY,2000-04-24,105.8633,105.8633,105.8633,105.8633,0
USDJPY,2000-04-25,105.9134,105.9134,105.9134,105.9134,0
USDJPY,2000-04-26,106.6648,106.6648,106.6648,106.6648,0
USDJPY,2000-04-27,106.5646,106.5646,106.5646,106.5646,0
USDJPY,2000-04-28,108.1877,108.1877,108.1877,108.1877,0
USDJPY,2000-05-01,109.0995,109.0995,109.0995,109.0995,0
USDJPY,2000-05-02,108.839,108.839,108.839,108.839,0
USDJPY,2000-05-03,109.35,109.35,109.35,109.35,0
USDJPY,2000-05-04,108.3781,108.3781,108.3781,108.3781,0
USDJPY,2000-05-05,108.7388,108.7388,108.7388,108.7388,0
USDJPY,2000-05-08,109.2398,109.2398,109.2398,109.2398,0
USDJPY,2000-05-09,109.8209,109.8209,109.8209,109.8209,0
USDJPY,2000-05-10,109.5403,109.5403,109.5403,109.5403,0
USDJPY,2000-05-11,108.6787,108.6787,108.6787,108.6787,0
USDJPY,2000-05-12,108.9492,108.9492,108.9492,108.9492,0
USDJPY,2000-05-15,109.6906,109.6906,109.6906,109.6906,0
USDJPY,2000-05-16,109.9611,109.9611,109.9611,109.9611,0
USDJPY,2000-05-17,109.7407,109.7407,109.7407,109.7407,0
USDJPY,2000-05-18,108.9091,108.9091,108.9091,108.9091,0
USDJPY,2000-05-19,107.0956,107.0956,107.0956,107.0956,0
USDJPY,2000-05-22,107.2259,107.2259,107.2259,107.2259,0
USDJPY,2000-05-23,106.9253,106.9253,106.9253,106.9253,0
USDJPY,2000-05-24,107.787,107.787,107.787,107.787,0
USDJPY,2000-05-25,107.6868,107.6868,107.6868,107.6868,0
USDJPY,2000-05-26,107.3862,107.3862,107.3862,107.3862,0
USDJPY,2000-05-30,106.6448,106.6448,106.6448,106.6448,0
USDJPY,2000-05-31,107.9473,107.9473,107.9473,107.9473,0
USDJPY,2000-06-01,108.9492,108.9492,108.9492,108.9492,0
USDJPY,2000-06-02,108.3581,108.3581,108.3581,108.3581,0
USDJPY,2000-06-05,107.6467,107.6467,107.6467,107.6467,0
USDJPY,2000-06-06,105.8432,105.8432,105.8432,105.8432,0
USDJPY,2000-06-07,105.703,105.703,105.703,105.703,0
USDJPY,2000-06-08,106.0637,106.0637,106.0637,106.0637,0
USDJPY,2000-06-09,106.9854,106.9854,106.9854,106.9854,0
USDJPY,2000-06-12,106.8552,106.8552,106.8552,106.8552,0
USDJPY,2000-06-13,106.9955,106.9955,106.9955,106.9955,0
USDJPY,2000-06-14,107.0956,107.0956,107.0956,107.0956,0
USDJPY,2000-06-15,106.7249,106.7249,106.7249,106.7249,0
USDJPY,2000-06-16,106.4244,106.4244,106.4244,106.4244,0
USDJPY,2000-06-19,105.9434,105.9434,105.9434,105.9434,0
USDJPY,2000-06-20,105.6228,105.6228,105.6228,105.6228,0
USDJPY,2000-06-21,105.703,105.703,105.703,105.703,0
USDJPY,2000-06-22,104.6009,104.6009,104.6009,104.6009,0
USDJPY,2000-06-23,104.7912,104.7912,104.7912,104.7912,0
USDJPY,2000-06-26,105.8633,105.8633,105.8633,105.8633,0
USDJPY,2000-06-27,105.733,105.733,105.733,105.733,0
USDJPY,2000-06-28,105.713,105.713,105.713,105.713,0
USDJPY,2000-06-29,105.2922,105.2922,105.2922,105.2922,0
USDJPY,2000-06-30,106.3442,106.3442,106.3442,106.3442,0
USDJPY,2000-07-03,105.8432,105.8432,105.8432,105.8432,0
USDJPY,2000-07-05,107.1157,107.1157,107.1157,107.1157,0
USDJPY,2000-07-06,107.5766,107.5766,107.5766,107.5766,0
USDJPY,2000-07-07,108.0174,108.0174,108.0174,108.0174,0
USDJPY,2000-07-10,107.3061,107.3061,107.3061,107.3061,0
USDJPY,2000-07-11,107.1357,107.1357,107.1357,107.1357,0
USDJPY,2000-07-12,108.5685,108.5685,108.5685,108.5685,0
USDJPY,2000-07-13,108.4783,108.4783,108.4783,108.4783,0
USDJPY,2000-07-14,108.0876,108.0876,108.0876,108.0876,0
USDJPY,2000-07-17,108.7388,108.7388,108.7388,108.7388,0
USDJPY,2000-07-18,108.5084,108.5084,108.5084,108.5084,0
USDJPY,2000-07-19,108.4082,108.4082,108.4082,108.4082,0
USDJPY,2000-07-20,108.0976,108.0976,108.0976,108.0976,0
USDJPY,2000-07-21,109.2899,109.2899,109.2899,109.2899,0
USDJPY,2000-07-24,109.1296,109.1296,109.1296,109.1296,0
USDJPY,2000-07-25,109.5103,109.5103,109.5103,109.5103,0
USDJPY,2000-07-26,109.4902,109.4902,109.4902,109.4902,0
USDJPY,2000-07-27,109.36,109.36,109.36,109.36,0
USDJPY,2000-07-28,109.8409,109.8409,109.8409,109.8409,0
USDJPY,2000-07-31,109.891,109.891,109.891,109.891,0
USDJPY,2000-08-01,109.6806,109.6806,109.6806,109.6806,0
USDJPY,2000-08-02,108.9793,108.9793,108.9793,108.9793,0
USDJPY,2000-08-03,108.5685,108.5685,108.5685,108.5685,0
USDJPY,2000-08-04,108.7488,108.7488,108.7488,108.7488,0
USDJPY,2000-08-07,109.1997,109.1997,109.1997,109.1997,0
USDJPY,2000-08-08,108.849,108.849,108.849,108.849,0
USDJPY,2000-08-09,108.1978,108.1978,108.1978,108.1978,0
USDJPY,2000-08-10,108.9091,108.9091,108.9091,108.9091,0
USDJPY,2000-08-11,108.8891,108.8891,108.8891,108.8891,0
USDJPY,2000-08-14,109.7307,109.7307,109.7307,109.7307,0
USDJPY,2000-08-15,109.2097,109.2097,109.2097,109.2097,0
USDJPY,2000-08-16,108.7588,108.7588,108.7588,108.7588,0
USDJPY,2000-08-17,108.6887,108.6887,108.6887,108.6887,0
USDJPY,2000-08-18,108.6386,108.6386,108.6386,108.6386,0
USDJPY,2000-08-21,108.7388,108.7388,108.7388,108.7388,0
USDJPY,2000-08-22,108.5484,108.5484,108.5484,108.5484,0
USDJPY,2000-08-23,107.2259,107.2259,107.2259,107.2259,0
USDJPY,2000-08-24,107.0956,107.0956,107.0956,107.0956,0
USDJPY,2000-08-25,107.3762,107.3762,107.3762,107.3762,0
USDJPY,2000-08-28,106.6548,106.6548,106.6548,106.6548,0
USDJPY,2000-08-29,106.4043,106.4043,106.4043,106.4043,0
USDJPY,2000-08-30,106.6748,106.6748,106.6748,106.6748,0
USDJPY,2000-08-31,106.8652,106.8652,106.8652,106.8652,0
USDJPY,2000-09-01,105.9835,105.9835,105.9835,105.9835,0
USDJPY,2000-09-05,106.0837,106.0837,106.0837,106.0837,0
USDJPY,2000-09-06,106.2841,106.2841,106.2841,106.2841,0
USDJPY,2000-09-07,105.3022,105.3022,105.3022,105.3022,0
USDJPY,2000-09-08,106.234,106.234,106.234,106.234,0
USDJPY,2000-09-11,106.1739,106.1739,106.1739,106.1739,0
USDJPY,2000-09-12,107.1357,107.1357,107.1357,107.1357,0
USDJPY,2000-09-13,107.3161,107.3161,107.3161,107.3161,0
USDJPY,2000-09-14,107.4563,107.4563,107.4563,107.4563,0
USDJPY,2000-09-15,107.5365,107.5365,107.5365,107.5365,0
USDJPY,2000-09-18,107.0756,107.0756,107.0756,107.0756,0
USDJPY,2000-09-19,107.2259,107.2259,107.2259,107.2259,0
USDJPY,2000-09-20,106.9754,106.9754,106.9754,106.9754,0
USDJPY,2000-09-21,106.7049,106.7049,106.7049,106.7049,0
USDJPY,2000-09-22,108.1477,108.1477,108.1477,108.1477,0
USDJPY,2000-09-25,107.8371,107.8371,107.8371,107.8371,0
USDJPY,2000-09-26,107.8371,107.8371,107.8371,107.8371,0
USDJPY,2000-09-27,107.6467,107.6467,107.6467,107.6467,0
USDJPY,2000-09-28,107.797,107.797,107.797,107.797,0
USDJPY,2000-09-29,108.1076,108.1076,108.1076,108.1076,0
USDJPY,2000-10-02,109.0193,109.0193,109.0193,109.0193,0
USDJPY,2000-10-03,108.8691,108.8691,108.8691,108.8691,0
USDJPY,2000-10-04,109.5003,109.5003,109.5003,109.5003,0
USDJPY,2000-10-05,109.5103,109.5103,109.5103,109.5103,0
USDJPY,2000-10-06,109.0193,109.0193,109.0193,109.0193,0
USDJPY,2000-10-10,108.1076,108.1076,108.1076,108.1076,0
USDJPY,2000-10-11,107.8371,107.8371,107.8371,107.8371,0
USDJPY,2000-10-12,107.787,107.787,107.787,107.787,0
USDJPY,2000-10-13,107.8771,107.8771,107.8771,107.8771,0
USDJPY,2000-10-16,108.5084,108.5084,108.5084,108.5084,0
USDJPY,2000-10-17,108.3581,108.3581,108.3581,108.3581,0
USDJPY,2000-10-18,107.9874,107.9874,107.9874,107.9874,0
USDJPY,2000-10-19,108.7588,108.7588,108.7588,108.7588,0
USDJPY,2000-10-20,109.2498,109.2498,109.2498,109.2498,0
USDJPY,2000-10-23,108.6586,108.6586,108.6586,108.6586,0
USDJPY,2000-10-24,108.2879,108.2879,108.2879,108.2879,0
USDJPY,2000-10-25,108.2579,108.2579,108.2579,108.2579,0
USDJPY,2000-10-26,108.5685,108.5685,108.5685,108.5685,0
USDJPY,2000-10-27,108.9592,108.9592,108.9592,108.9592,0
USDJPY,2000-10-30,109.1997,109.1997,109.1997,109.1997,0
USDJPY,2000-10-31,109.36,109.36,109.36,109.36,0
USDJPY,2000-11-01,108.6887,108.6887,108.6887,108.6887,0
USDJPY,2000-11-02,108.5985,108.5985,108.5985,108.5985,0
USDJPY,2000-11-03,107.787,107.787,107.787,107.787,0
USDJPY,2000-11-06,107.5465,107.5465,107.5465,107.5465,0
USDJPY,2000-11-07,107.5064,107.5064,107.5064,107.5064,0
USDJPY,2000-11-08,107.777,107.777,107.777,107.777,0
USDJPY,2000-11-09,107.6166,107.6166,107.6166,107.6166,0
USDJPY,2000-11-10,108.0375,108.0375,108.0375,108.0375,0
USDJPY,2000-11-13,107.9072,107.9072,107.9072,107.9072,0
USDJPY,2000-11-14,108.3581,108.3581,108.3581,108.3581,0
USDJPY,2000-11-15,108.9592,108.9592,108.9592,108.9592,0
USDJPY,2000-11-16,109.2899,109.2899,109.2899,109.2899,0
USDJPY,2000-11-17,109.0694,109.0694,109.0694,109.0694,0
USDJPY,2000-11-20,110.0012,110.0012,110.0012,110.0012,0
USDJPY,2000-11-21,110.5022,110.5022,110.5022,110.5022,0
USDJPY,2000-11-22,110.3719,110.3719,110.3719,110.3719,0
USDJPY,2000-11-24,111.5943,111.5943,111.5943,111.5943,0
USDJPY,2000-11-27,110.913,110.913,110.913,110.913,0
USDJPY,2000-11-28,110.4421,110.4421,110.4421,110.4421,0
USDJPY,2000-11-29,111.4941,111.4941,111.4941,111.4941,0
USDJPY,2000-11-30,111.1434,111.1434,111.1434,111.1434,0
USDJPY,2000-12-01,111.3638,111.3638,111.3638,111.3638,0
USDJPY,2000-12-04,111.2837,111.2837,111.2837,111.2837,0
USDJPY,2000-12-05,111.2136,111.2136,111.2136,111.2136,0
USDJPY,2000-12-06,110.6324,110.6324,110.6324,110.6324,0
USDJPY,2000-12-07,110.913,110.913,110.913,110.913,0
USDJPY,2000-12-08,111.5041,111.5041,111.5041,111.5041,0
USDJPY,2000-12-11,110.9831,110.9831,110.9831,110.9831,0
USDJPY,2000-12-12,111.7145,111.7145,111.7145,111.7145,0
USDJPY,2000-12-13,112.6162,112.6162,112.6162,112.6162,0
USDJPY,2000-12-14,112.6363,112.6363,112.6363,112.6363,0
USDJPY,2000-12-15,112.7665,112.7665,112.7665,112.7665,0
USDJPY,2000-12-18,112.2756,112.2756,112.2756,112.2756,0
USDJPY,2000-12-19,112.7665,112.7665,112.7665,112.7665,0
USDJPY,2000-12-20,112.7966,112.7966,112.7966,112.7966,0
USDJPY,2000-12-21,112.3958,112.3958,112.3958,112.3958,0
USDJPY,2000-12-22,112.9669,112.9669,112.9669,112.9669,0
USDJPY,2000-12-26,113.8386,113.8386,113.8386,113.8386,0
USDJPY,2000-12-27,114.4197,114.4197,114.4197,114.4197,0
USDJPY,2000-12-28,114.8405,114.8405,114.8405,114.8405,0
USDJPY,2000-12-29,114.57,114.57,114.57,114.57,0
USDJPY,2001-01-01,114.61,114.63,114.27,114.57,0
USDJPY,2001-01-02,114.61,115.05,114.21,114.4,0
USDJPY,2001-01-03,114.4,114.67,113.5,113.84,0
USDJPY,2001-01-04,113.81,116.11,113.58,116.09,0
USDJPY,2001-01-05,116.07,116.87,115.94,116.45,0
USDJPY,2001-01-08,116.51,116.56,115.62,116.1,0
USDJPY,2001-01-09,116.02,117.07,115.61,117.07,0
USDJPY,2001-01-10,117.09,117.15,115.74,116.45,0
USDJPY,2001-01-11,116.49,118.02,116.39,117.91,0
USDJPY,2001-01-12,117.92,118.56,117.36,118.47,0
USDJPY,2001-01-15,118.73,119.36,118.51,119.11,0
USDJPY,2001-01-16,119.11,119.13,117.06,117.71,0
USDJPY,2001-01-17,117.68,119.26,116.88,119.17,0
USDJPY,2001-01-18,119.16,119.85,117.61,117.9,0
USDJPY,2001-01-19,117.82,118.28,116.94,117.13,0
USDJPY,2001-01-22,116.69,117.06,116.13,116.46,0
USDJPY,2001-01-23,116.44,117.4,116.39,116.61,0
USDJPY,2001-01-24,116.62,118.45,116.55,117.9,0
USDJPY,2001-01-25,117.89,117.98,116.33,116.62,0
USDJPY,2001-01-26,116.64,117.55,116.31,117.32,0
USDJPY,2001-01-29,117.67,117.67,116.11,116.74,0
USDJPY,2001-01-30,116.69,116.92,115.58,115.65,0
USDJPY,2001-01-31,115.68,116.73,115.67,116.68,0
USDJPY,2001-02-01,116.59,116.7,115.17,115.42,0
USDJPY,2001-02-02,115.4,116.22,114.9,115.63,0
USDJPY,2001-02-05,115.8,116.04,114.56,114.71,0
USDJPY,2001-02-06,114.72,115.26,114.3,114.74,0
USDJPY,2001-02-07,114.76,116.35,114.7,116.16,0
USDJPY,2001-02-08,116.29,116.8,115.81,116.71,0
USDJPY,2001-02-09,116.73,117.75,116.29,117.5,0
USDJPY,2001-02-12,117.44,117.93,117.29,117.31,0
USDJPY,2001-02-13,117.33,117.6,116.5,116.6,0
USDJPY,2001-02-14,116.6,116.87,116.03,116.19,0
USDJPY,2001-02-15,116.18,116.43,115.32,115.62,0
USDJPY,2001-02-16,115.61,115.9,114.5,115.72,0
USDJPY,2001-02-19,116.17,116.17,115.59,116.08,0
USDJPY,2001-02-20,116.09,116.2,115.17,115.64,0
USDJPY,2001-02-21,115.66,116.85,115.29,116.37,0
USDJPY,2001-02-22,116.45,117.18,115.8,117.01,0
USDJPY,2001-02-23,117.0,117.0,115.57,115.75,0
USDJPY,2001-02-26,115.88,116.77,115.77,116.48,0
USDJPY,2001-02-27,116.47,116.57,115.9,116.36,0
USDJPY,2001-02-28,116.37,117.52,115.82,117.39,0
USDJPY,2001-03-01,117.27,117.56,116.98,117.5,0
USDJPY,2001-03-02,117.49,119.29,117.26,119.05,0
USDJPY,2001-03-05,119.26,119.75,118.6,118.92,0
USDJPY,2001-03-06,118.95,119.01,118.2,118.7,0
USDJPY,2001-03-07,118.71,120.22,118.54,119.52,0
USDJPY,2001-03-08,119.5,120.38,119.25,119.82,0
USDJPY,2001-03-09,119.81,119.84,119.04,119.54,0
USDJPY,2001-03-12,119.6,120.7,119.44,120.47,0
USDJPY,2001-03-13,120.45,120.57,119.55,119.61,0
USDJPY,2001-03-14,119.65,121.2,119.27,120.82,0
USDJPY,2001-03-15,120.83,122.52,120.48,121.99,0
USDJPY,2001-03-16,122.01,123.16,121.82,122.92,0
USDJPY,2001-03-19,123.18,123.61,121.98,122.8,0
USDJPY,2001-03-20,122.78,122.98,121.95,122.2,0
USDJPY,2001-03-21,122.11,123.92,122.06,123.02,0
USDJPY,2001-03-22,123.03,124.3,123.0,123.76,0
USDJPY,2001-03-23,123.75,123.75,122.47,122.83,0
USDJPY,2001-03-26,123.02,123.8,122.39,122.66,0
USDJPY,2001-03-27,122.67,123.31,121.68,122.16,0
USDJPY,2001-03-28,122.13,122.73,121.37,122.27,0
USDJPY,2001-03-29,122.28,123.76,122.12,123.68,0
USDJPY,2001-03-30,123.69,126.32,123.19,126.23,0
USDJPY,2001-04-02,126.13,126.82,125.63,126.64,0
USDJPY,2001-04-03,126.61,126.75,125.19,125.53,0
USDJPY,2001-04-04,125.57,126.27,124.79,125.47,0
USDJPY,2001-04-05,125.46,125.48,123.5,124.26,0
USDJPY,2001-04-06,124.27,125.52,123.63,123.73,0
USDJPY,2001-04-09,124.19,125.47,124.14,125.28,0
USDJPY,2001-04-10,125.29,125.38,124.15,124.42,0
USDJPY,2001-04-11,124.4,124.99,123.84,124.74,0
USDJPY,2001-04-12,124.75,124.95,122.92,123.5,0
USDJPY,2001-04-13,123.67,124.44,123.5,123.5,0
USDJPY,2001-04-16,124.27,124.92,124.18,124.6,0
USDJPY,2001-04-17,124.59,124.7,123.05,123.38,0
USDJPY,2001-04-18,123.35,123.65,121.95,122.0,0
USDJPY,2001-04-19,122.02,122.37,120.85,121.24,0
USDJPY,2001-04-20,121.24,122.7,121.17,122.33,0
USDJPY,2001-04-23,121.65,122.53,121.05,121.18,0
USDJPY,2001-04-24,121.13,122.32,121.06,122.3,0
USDJPY,2001-04-25,122.29,122.66,121.92,122.09,0
USDJPY,2001-04-26,122.09,123.54,121.77,123.17,0
USDJPY,2001-04-27,123.25,124.32,123.12,124.02,0
USDJPY,2001-04-30,124.16,124.17,123.14,123.38,0
USDJPY,2001-05-01,123.39,123.52,121.81,122.11,0
USDJPY,2001-05-02,122.12,122.53,121.21,121.53,0
USDJPY,2001-05-03,121.52,121.81,120.73,121.33,0
USDJPY,2001-05-04,121.38,121.49,120.48,121.28,0
USDJPY,2001-05-07,121.39,121.81,120.85,120.87,0
USDJPY,2001-05-08,120.92,122.12,120.73,121.28,0
USDJPY,2001-05-09,121.32,122.41,121.17,122.31,0
USDJPY,2001-05-10,122.33,122.74,121.97,122.52,0
USDJPY,2001-05-11,122.49,122.82,122.02,122.37,0
USDJPY,2001-05-14,122.64,123.36,122.39,123.2,0
USDJPY,2001-05-15,123.19,123.65,123.01,123.2,0
USDJPY,2001-05-16,123.24,124.03,123.04,123.23,0
USDJPY,2001-05-17,123.28,123.38,122.39,122.6,0
USDJPY,2001-05-18,122.61,123.8,122.51,123.51,0
USDJPY,2001-05-21,123.62,123.72,122.47,122.67,0
USDJPY,2001-05-22,122.66,123.31,122.41,122.72,0
USDJPY,2001-05-23,122.73,122.81,119.35,120.2,0
USDJPY,2001-05-24,120.21,120.4,118.83,119.97,0
USDJPY,2001-05-25,120.08,120.77,119.84,120.59,0
USDJPY,2001-05-28,120.5,121.26,120.44,121.26,0
USDJPY,2001-05-29,121.23,121.36,119.92,120.06,0
USDJPY,2001-05-30,120.12,120.58,119.9,120.44,0
USDJPY,2001-05-31,120.45,120.51,118.44,119.23,0
USDJPY,2001-06-01,119.21,119.29,118.26,119.21,0
USDJPY,2001-06-04,119.14,119.85,118.85,119.2,0
USDJPY,2001-06-05,119.21,120.42,118.72,120.18,0
USDJPY,2001-06-06,120.2,120.82,119.97,120.0,0
USDJPY,2001-06-07,120.04,120.36,119.6,120.33,0
USDJPY,2001-06-08,120.31,120.98,120.03,120.85,0
USDJPY,2001-06-11,120.86,122.05,120.85,121.83,0
USDJPY,2001-06-12,121.82,122.06,121.51,121.58,0
USDJPY,2001-06-13,121.55,122.43,121.5,122.02,0
USDJPY,2001-06-14,122.04,122.26,121.17,121.3,0
USDJPY,2001-06-15,121.32,123.24,120.82,122.87,0
USDJPY,2001-06-18,122.97,123.47,122.68,123.42,0
USDJPY,2001-06-19,123.12,123.73,122.64,122.8,0
USDJPY,2001-06-20,122.88,124.01,122.51,123.87,0
USDJPY,2001-06-21,123.88,124.67,123.65,124.57,0
USDJPY,2001-06-22,124.56,124.7,123.81,124.46,0
USDJPY,2001-06-25,124.3,124.46,123.67,123.9,0
USDJPY,2001-06-26,123.91,124.01,123.23,123.78,0
USDJPY,2001-06-27,123.77,124.43,123.66,124.22,0
USDJPY,2001-06-28,124.23,124.97,124.21,124.85,0
USDJPY,2001-06-29,124.83,124.87,123.75,124.5,0
USDJPY,2001-07-02,124.75,124.98,123.95,123.97,0
USDJPY,2001-07-03,124.0,124.58,123.58,124.35,0
USDJPY,2001-07-04,124.42,125.03,124.19,124.43,0
USDJPY,2001-07-05,124.43,125.77,124.39,125.56,0
USDJPY,2001-07-06,125.55,126.13,125.44,125.82,0
USDJPY,2001-07-09,125.82,125.96,125.18,125.26,0
USDJPY,2001-07-10,125.27,125.87,125.16,125.27,0
USDJPY,2001-07-11,125.28,125.75,123.82,124.27,0
USDJPY,2001-07-12,124.31,124.49,123.45,123.93,0
USDJPY,2001-07-13,123.92,125.0,123.86,124.86,0
USDJPY,2001-07-16,124.74,125.53,124.7,125.5,0
USDJPY,2001-07-17,125.48,125.66,124.7,124.8,0
USDJPY,2001-07-18,124.81,125.44,123.73,124.08,0
USDJPY,2001-07-19,123.97,124.15,123.18,123.38,0
USDJPY,2001-07-20,123.39,123.77,122.66,122.86,0
USDJPY,2001-07-23,123.17,124.46,123.17,124.38,0
USDJPY,2001-07-24,124.4,124.47,123.8,124.2,0
USDJPY,2001-07-25,124.21,124.44,123.35,123.57,0
USDJPY,2001-07-26,123.57,124.07,123.12,123.72,0
USDJPY,2001-07-27,123.73,124.12,123.19,123.46,0
USDJPY,2001-07-30,123.3,125.36,123.2,125.17,0
USDJPY,2001-07-31,125.16,125.25,124.6,125.01,0
USDJPY,2001-08-01,125.0,125.2,124.31,124.39,0
USDJPY,2001-08-02,124.38,124.7,123.5,123.72,0
USDJPY,2001-08-03,123.7,123.99,123.27,123.6,0
USDJPY,2001-08-06,123.73,124.25,123.68,123.8,0
USDJPY,2001-08-07,123.85,124.15,123.36,123.56,0
USDJPY,2001-08-08,123.55,123.71,122.77,123.56,0
USDJPY,2001-08-09,123.55,123.95,121.34,121.96,0
USDJPY,2001-08-10,121.97,122.6,121.7,121.95,0
USDJPY,2001-08-13,121.91,122.53,121.37,122.38,0
USDJPY,2001-08-14,122.42,123.15,121.17,121.83,0
USDJPY,2001-08-15,121.83,121.89,119.06,119.89,0
USDJPY,2001-08-16,119.87,120.43,119.22,120.25,0
USDJPY,2001-08-17,120.23,120.77,120.02,120.19,0
USDJPY,2001-08-20,120.33,120.86,120.07,120.74,0
USDJPY,2001-08-21,120.69,120.94,119.46,119.77,0
USDJPY,2001-08-22,119.7,120.56,119.31,120.42,0
USDJPY,2001-08-23,120.41,120.67,119.58,119.89,0
USDJPY,2001-08-24,119.9,120.36,119.52,119.98,0
USDJPY,2001-08-27,120.17,120.5,119.77,119.89,0
USDJPY,2001-08-28,119.85,120.8,119.65,120.02,0
USDJPY,2001-08-29,120.03,120.29,119.04,120.16,0
USDJPY,2001-08-30,120.15,120.22,119.2,119.43,0
USDJPY,2001-08-31,119.47,119.52,118.43,118.75,0
USDJPY,2001-09-03,118.83,119.1,118.56,118.71,0
USDJPY,2001-09-04,118.72,119.64,118.57,119.4,0
USDJPY,2001-09-05,119.42,120.88,119.27,120.74,0
USDJPY,2001-09-06,120.75,121.52,120.62,120.94,0
USDJPY,2001-09-07,120.94,121.41,119.72,120.0,0
USDJPY,2001-09-10,120.24,121.14,119.73,121.1,0
USDJPY,2001-09-11,121.07,122.05,118.33,119.58,0
USDJPY,2001-09-12,119.57,119.8,118.55,119.61,0
USDJPY,2001-09-13,119.53,119.73,118.55,118.81,0
USDJPY,2001-09-14,118.8,119.19,116.86,117.32,0
USDJPY,2001-09-17,117.66,118.35,116.65,117.86,0
USDJPY,2001-09-18,117.87,118.2,117.05,117.26,0
USDJPY,2001-09-19,117.19,118.1,117.08,117.5,0
USDJPY,2001-09-20,117.51,117.65,115.76,116.43,0
USDJPY,2001-09-21,116.44,117.48,115.98,116.59,0
USDJPY,2001-09-24,116.83,117.62,116.27,117.55,0
USDJPY,2001-09-25,117.54,117.78,116.96,117.51,0
USDJPY,2001-09-26,117.52,118.08,117.05,117.88,0
USDJPY,2001-09-27,117.88,120.01,117.62,119.66,0
USDJPY,2001-09-28,119.67,119.75,118.65,119.48,0
USDJPY,2001-10-01,119.5,120.43,119.43,120.3,0
USDJPY,2001-10-02,120.31,121.11,120.06,120.61,0
USDJPY,2001-10-03,120.55,121.45,120.42,120.58,0
USDJPY,2001-10-04,120.6,120.83,120.17,120.47,0
USDJPY,2001-10-05,120.5,120.66,119.91,120.47,0
USDJPY,2001-10-08,120.11,120.2,119.58,119.72,0
USDJPY,2001-10-09,119.75,120.33,119.7,120.2,0
USDJPY,2001-10-10,120.2,120.58,119.73,120.26,0
USDJPY,2001-10-11,120.21,121.66,120.07,121.4,0
USDJPY,2001-10-12,121.37,121.76,120.69,121.22,0
USDJPY,2001-10-15,120.9,121.14,120.45,120.8,0
USDJPY,2001-10-16,120.82,121.89,120.58,121.27,0
USDJPY,2001-10-17,121.28,121.79,120.73,121.22,0
USDJPY,2001-10-18,121.22,121.46,120.73,121.14,0
USDJPY,2001-10-19,121.1,121.35,120.79,121.17,0
USDJPY,2001-10-22,121.28,122.57,121.25,122.38,0
USDJPY,2001-10-23,122.34,123.02,122.2,122.51,0
USDJPY,2001-10-24,122.54,122.96,122.28,122.81,0
USDJPY,2001-10-25,122.8,123.35,122.41,122.88,0
USDJPY,2001-10-26,122.86,123.25,122.38,122.65,0
USDJPY,2001-10-29,122.76,122.76,121.82,121.89,0
USDJPY,2001-10-30,121.91,122.19,121.54,122.12,0
USDJPY,2001-10-31,122.12,122.63,121.61,122.4,0
USDJPY,2001-11-01,122.4,122.41,121.32,121.97,0
USDJPY,2001-11-02,121.97,122.01,121.39,121.62,0
USDJPY,2001-11-05,121.67,122.12,121.49,121.56,0
USDJPY,2001-11-06,121.55,121.68,120.93,121.17,0
USDJPY,2001-11-07,121.16,121.23,120.68,121.16,0
USDJPY,2001-11-08,121.15,121.36,119.75,120.12,0
USDJPY,2001-11-09,120.13,120.51,120.02,120.22,0
USDJPY,2001-11-12,120.33,120.83,119.69,120.57,0
USDJPY,2001-11-13,120.58,121.77,120.48,121.42,0
USDJPY,2001-11-14,121.39,122.0,121.36,121.53,0
USDJPY,2001-11-15,121.53,122.48,121.48,122.45,0
USDJPY,2001-11-16,122.45,122.93,121.97,122.87,0
USDJPY,2001-11-19,122.89,123.5,122.75,123.08,0
USDJPY,2001-11-20,123.13,123.21,122.46,122.57,0
USDJPY,2001-11-21,122.63,123.39,122.5,123.15,0
USDJPY,2001-11-22,123.12,124.0,122.94,123.95,0
USDJPY,2001-11-23,123.96,124.46,123.63,124.28,0
USDJPY,2001-11-26,124.36,124.39,123.78,124.05,0
USDJPY,2001-11-27,124.06,124.57,123.66,123.97,0
USDJPY,2001-11-28,123.88,123.99,122.97,123.15,0
USDJPY,2001-11-29,123.12,123.94,122.81,123.94,0
USDJPY,2001-11-30,123.95,124.15,122.78,123.45,0
USDJPY,2001-12-03,123.31,124.28,123.23,124.28,0
USDJPY,2001-12-04,124.29,124.37,123.6,124.14,0
USDJPY,2001-12-05,124.14,124.51,123.94,124.16,0
USDJPY,2001-12-06,124.17,124.93,123.74,124.55,0
USDJPY,2001-12-07,124.57,125.74,124.46,125.49,0
USDJPY,2001-12-10,125.69,126.38,125.51,125.95,0
USDJPY,2001-12-11,125.96,126.3,125.64,125.83,0
USDJPY,2001-12-12,125.84,126.56,125.45,125.91,0
USDJPY,2001-12-13,125.91,126.64,125.85,126.12,0
USDJPY,2001-12-14,126.11,127.93,126.07,127.37,0
USDJPY,2001-12-17,127.26,128.0,127.11,127.64,0
USDJPY,2001-12-18,127.66,128.43,127.53,128.26,0
USDJPY,2001-12-19,128.3,128.39,127.56,128.37,0
USDJPY,2001-12-20,128.38,129.3,127.87,129.2,0
USDJPY,2001-12-21,129.19,129.72,129.07,129.5,0
USDJPY,2001-12-24,129.61,130.01,129.3,129.85,0
USDJPY,2001-12-25,129.85,130.95,129.73,130.85,0
USDJPY,2001-12-26,130.84,131.31,130.35,131.28,0
USDJPY,2001-12-27,131.27,132.05,131.0,131.81,0
USDJPY,2001-12-28,131.8,131.87,130.76,131.05,0
USDJPY,2001-12-31,131.33,131.68,130.6,131.67,0
USDJPY,2002-01-01,131.67,132.0,131.24,131.93,0
USDJPY,2002-01-02,131.94,132.27,131.24,132.14,0
USDJPY,2002-01-03,132.14,132.15,131.32,131.7,0
USDJPY,2002-01-04,131.71,131.72,130.64,131.02,0
USDJPY,2002-01-07,130.7,131.6,130.36,131.25,0
USDJPY,2002-01-08,131.27,132.97,131.25,132.92,0
USDJPY,2002-01-09,132.93,133.35,132.18,132.94,0
USDJPY,2002-01-10,132.95,132.97,131.98,132.13,0
USDJPY,2002-01-11,132.15,132.54,131.54,132.15,0
USDJPY,2002-01-14,131.85,132.12,131.43,131.63,0
USDJPY,2002-01-15,131.62,131.81,130.86,131.22,0
USDJPY,2002-01-16,131.22,132.32,131.19,132.19,0
USDJPY,2002-01-17,132.21,132.62,131.78,132.45,0
USDJPY,2002-01-18,132.4,133.01,132.37,132.62,0
USDJPY,2002-01-21,132.42,132.99,131.95,132.95,0
USDJPY,2002-01-22,132.84,133.81,132.84,133.66,0
USDJPY,2002-01-23,133.62,134.62,133.58,134.53,0
USDJPY,2002-01-24,134.54,134.93,134.06,134.85,0
USDJPY,2002-01-25,134.87,134.92,134.06,134.55,0
USDJPY,2002-01-28,134.8,134.83,133.15,133.56,0
USDJPY,2002-01-29,133.54,133.71,132.92,133.44,0
USDJPY,2002-01-30,133.45,133.64,132.3,132.87,0
USDJPY,2002-01-31,132.89,135.16,132.56,134.87,0
USDJPY,2002-02-01,134.89,134.92,132.88,133.1,0
USDJPY,2002-02-04,132.89,133.47,131.93,132.03,0
USDJPY,2002-02-05,132.03,134.26,131.96,133.8,0
USDJPY,2002-02-06,133.77,134.36,133.32,133.64,0
USDJPY,2002-02-07,133.63,134.13,133.34,133.95,0
USDJPY,2002-02-08,133.93,135.0,133.48,134.67,0
USDJPY,2002-02-11,134.95,134.98,133.14,133.37,0
USDJPY,2002-02-12,133.31,133.71,132.43,132.72,0
USDJPY,2002-02-13,132.72,133.42,132.13,133.0,0
USDJPY,2002-02-14,132.98,132.98,131.94,132.05,0
USDJPY,2002-02-15,132.8,133.05,132.35,132.59,0
USDJPY,2002-02-18,132.65,132.85,132.41,132.66,0
USDJPY,2002-02-19,132.66,134.0,132.58,133.42,0
USDJPY,2002-02-20,133.41,133.93,132.98,133.77,0
USDJPY,2002-02-21,133.77,134.47,133.35,134.2,0
USDJPY,2002-02-22,134.17,134.5,133.49,134.11,0
USDJPY,2002-02-25,134.02,134.1,133.6,133.84,0
USDJPY,2002-02-26,133.85,134.69,133.59,134.52,0
USDJPY,2002-02-27,134.55,134.99,134.06,134.22,0
USDJPY,2002-02-28,134.21,134.39,133.15,133.46,0
USDJPY,2002-03-01,133.43,133.86,133.03,133.32,0
USDJPY,2002-03-04,133.44,133.47,131.85,131.95,0
USDJPY,2002-03-05,131.97,132.58,131.54,132.22,0
USDJPY,2002-03-06,132.25,132.47,130.51,130.74,0
USDJPY,2002-03-07,130.81,130.88,126.47,127.62,0
USDJPY,2002-03-08,127.67,128.75,127.26,128.62,0
USDJPY,2002-03-11,128.22,129.18,127.74,128.02,0
USDJPY,2002-03-12,128.06,129.28,128.06,129.03,0
USDJPY,2002-03-13,129.03,129.62,128.96,129.36,0
USDJPY,2002-03-14,129.35,129.42,128.18,129.25,0
USDJPY,2002-03-15,129.27,129.44,128.82,129.01,0
USDJPY,2002-03-18,129.84,131.53,129.67,131.16,0
USDJPY,2002-03-19,131.15,132.45,130.84,132.2,0
USDJPY,2002-03-20,132.22,132.4,131.23,131.35,0
USDJPY,2002-03-21,131.36,132.23,131.23,132.11,0
USDJPY,2002-03-22,132.11,132.93,131.94,132.9,0
USDJPY,2002-03-25,132.81,133.45,132.64,133.3,0
USDJPY,2002-03-26,133.31,133.44,132.23,133.08,0
USDJPY,2002-03-27,133.06,133.07,132.28,132.73,0
USDJPY,2002-03-28,132.7,132.85,132.16,132.75,0
USDJPY,2002-03-29,132.77,133.2,132.23,132.7,0
USDJPY,2002-04-01,132.95,133.82,132.84,133.31,0
USDJPY,2002-04-02,133.32,133.6,132.82,133.13,0
USDJPY,2002-04-03,133.13,133.27,132.33,132.71,0
USDJPY,2002-04-04,132.69,133.11,131.56,132.33,0
USDJPY,2002-04-05,132.34,132.43,131.26,131.55,0
USDJPY,2002-04-08,131.65,131.76,131.09,131.52,0
USDJPY,2002-04-09,131.52,131.9,130.54,130.65,0
USDJPY,2002-04-10,130.65,130.85,130.16,130.74,0
USDJPY,2002-04-11,130.73,131.83,130.68,131.53,0
USDJPY,2002-04-12,131.52,132.25,131.2,131.92,0
USDJPY,2002-04-15,132.04,132.38,131.3,132.06,0
USDJPY,2002-04-16,132.05,132.13,130.85,131.17,0
USDJPY,2002-04-17,131.17,131.28,130.41,130.7,0
USDJPY,2002-04-18,130.7,130.76,129.57,129.97,0
USDJPY,2002-04-19,129.96,130.64,129.82,130.31,0
USDJPY,2002-04-22,130.46,130.6,129.6,130.11,0
USDJPY,2002-04-23,130.05,130.3,129.69,130.23,0
USDJPY,2002-04-24,130.24,130.44,129.44,129.62,0
USDJPY,2002-04-25,129.62,129.65,128.15,128.68,0
USDJPY,2002-04-26,128.72,128.9,127.75,127.82,0
USDJPY,2002-04-29,127.76,128.26,127.62,128.12,0
USDJPY,2002-04-30,128.13,128.64,127.74,128.53,0
USDJPY,2002-05-01,128.51,128.66,127.13,127.24,0
USDJPY,2002-05-02,127.22,128.14,126.92,127.81,0
USDJPY,2002-05-03,127.85,128.0,126.81,126.9,0
USDJPY,2002-05-06,127.0,127.52,126.89,127.15,0
USDJPY,2002-05-07,127.11,128.34,126.74,128.15,0
USDJPY,2002-05-08,128.16,128.98,127.8,128.82,0
USDJPY,2002-05-09,128.84,129.08,128.1,128.42,0
USDJPY,2002-05-10,128.45,128.69,127.49,127.57,0
USDJPY,2002-05-13,127.61,127.92,127.16,127.77,0
USDJPY,2002-05-14,127.76,128.78,127.68,128.51,0
USDJPY,2002-05-15,128.52,128.65,127.55,127.65,0
USDJPY,2002-05-16,127.65,128.41,127.28,128.03,0
USDJPY,2002-05-17,128.02,128.11,125.51,125.93,0
USDJPY,2002-05-20,125.9,126.2,125.17,125.39,0
USDJPY,2002-05-21,125.39,126.05,123.62,124.3,0
USDJPY,2002-05-22,124.29,125.06,123.46,124.35,0
USDJPY,2002-05-23,124.33,125.32,123.85,125.03,0
USDJPY,2002-05-24,125.03,125.26,124.59,124.7,0
USDJPY,2002-05-27,124.71,125.06,124.65,124.75,0
USDJPY,2002-05-28,124.79,124.9,124.29,124.49,0
USDJPY,2002-05-29,124.44,124.68,124.14,124.35,0
USDJPY,2002-05-30,124.35,124.35,122.78,123.42,0
USDJPY,2002-05-31,123.46,124.59,122.92,124.06,0
USDJPY,2002-06-03,124.24,124.46,123.52,123.62,0
USDJPY,2002-06-04,123.63,124.36,123.24,124.17,0
USDJPY,2002-06-05,124.19,124.72,123.73,124.13,0
USDJPY,2002-06-06,124.15,125.05,124.0,124.12,0
USDJPY,2002-06-07,124.13,124.66,124.01,124.31,0
USDJPY,2002-06-10,124.45,124.93,124.3,124.74,0
USDJPY,2002-06-11,124.75,125.77,124.39,125.28,0
USDJPY,2002-06-12,125.26,125.87,125.15,125.58,0
USDJPY,2002-06-13,125.57,125.96,124.77,124.99,0
USDJPY,2002-06-14,124.98,125.09,123.85,124.13,0
USDJPY,2002-06-17,124.3,124.52,123.99,124.26,0
USDJPY,2002-06-18,124.28,124.82,124.2,124.26,0
USDJPY,2002-06-19,124.26,124.36,123.6,123.86,0
USDJPY,2002-06-20,123.85,124.2,123.21,123.45,0
USDJPY,2002-06-21,123.48,123.87,120.79,121.09,0
USDJPY,2002-06-24,121.36,121.89,121.04,121.6,0
USDJPY,2002-06-25,121.6,121.99,121.09,121.15,0
USDJPY,2002-06-26,121.12,121.5,118.9,119.92,0
USDJPY,2002-06-27,119.95,120.29,119.13,119.54,0
USDJPY,2002-06-28,119.55,120.35,118.32,119.52,0
USDJPY,2002-07-01,119.61,120.2,119.22,119.77,0
USDJPY,2002-07-02,119.76,120.8,119.61,120.0,0
USDJPY,2002-07-03,120.0,120.56,119.58,119.9,0
USDJPY,2002-07-04,119.89,120.43,119.82,120.17,0
USDJPY,2002-07-05,120.15,120.63,119.81,120.4,0
USDJPY,2002-07-08,120.15,120.16,118.29,118.57,0
USDJPY,2002-07-09,118.56,118.94,117.7,118.06,0
USDJPY,2002-07-10,118.06,118.32,117.35,117.76,0
USDJPY,2002-07-11,117.75,117.92,116.46,117.03,0
USDJPY,2002-07-12,117.04,117.22,116.44,116.85,0
USDJPY,2002-07-15,116.92,116.93,115.61,116.22,0
USDJPY,2002-07-16,116.23,116.43,115.43,115.97,0
USDJPY,2002-07-17,115.92,116.73,115.57,116.33,0
USDJPY,2002-07-18,116.33,117.31,116.22,116.53,0
USDJPY,2002-07-19,116.53,116.62,115.52,115.9,0
USDJPY,2002-07-22,116.12,116.66,115.73,116.37,0
USDJPY,2002-07-23,116.36,117.9,116.24,117.37,0
USDJPY,2002-07-24,117.36,117.58,115.86,116.68,0
USDJPY,2002-07-25,116.66,117.03,116.16,116.63,0
USDJPY,2002-07-26,116.61,119.04,116.4,118.77,0
USDJPY,2002-07-29,118.78,119.99,118.48,119.65,0
USDJPY,2002-07-30,119.66,120.28,119.21,120.22,0
USDJPY,2002-07-31,120.24,120.39,119.36,119.78,0
USDJPY,2002-08-01,119.77,120.33,119.01,119.21,0
USDJPY,2002-08-02,119.19,119.36,118.7,118.77,0
USDJPY,2002-08-05,118.85,119.78,118.61,119.61,0
USDJPY,2002-08-06,119.61,121.21,119.45,120.96,0
USDJPY,2002-08-07,120.97,121.09,120.0,120.26,0
USDJPY,2002-08-08,120.27,121.15,119.94,121.1,0
USDJPY,2002-08-09,121.11,121.33,120.25,120.45,0
USDJPY,2002-08-12,119.83,119.85,118.74,119.01,0
USDJPY,2002-08-13,119.02,119.24,118.1,118.23,0
USDJPY,2002-08-14,118.2,118.35,116.26,117.19,0
USDJPY,2002-08-15,117.19,117.83,116.85,117.34,0
USDJPY,2002-08-16,117.35,117.87,117.08,117.56,0
USDJPY,2002-08-19,117.52,118.72,117.41,118.44,0
USDJPY,2002-08-20,118.45,119.24,118.42,118.63,0
USDJPY,2002-08-21,118.64,118.72,117.7,118.46,0
USDJPY,2002-08-22,118.46,119.96,118.46,119.79,0
USDJPY,2002-08-23,119.8,120.26,119.44,119.59,0
USDJPY,2002-08-26,119.56,119.88,119.31,119.71,0
USDJPY,2002-08-27,119.71,119.89,117.94,118.15,0
USDJPY,2002-08-28,118.16,119.06,117.85,118.95,0
USDJPY,2002-08-29,118.96,119.02,117.37,118.19,0
USDJPY,2002-08-30,118.2,118.75,117.69,118.43,0
USDJPY,2002-09-02,118.54,118.8,117.89,117.99,0
USDJPY,2002-09-03,117.99,118.12,116.81,117.15,0
USDJPY,2002-09-04,117.15,118.35,116.98,117.87,0
USDJPY,2002-09-05,117.87,118.5,117.25,118.36,0
USDJPY,2002-09-06,118.3,118.86,117.91,118.41,0
USDJPY,2002-09-09,118.52,119.29,118.16,118.87,0
USDJPY,2002-09-10,118.87,119.16,118.31,119.01,0
USDJPY,2002-09-11,119.83,120.69,119.69,120.27,0
USDJPY,2002-09-12,120.28,120.67,119.73,120.08,0
USDJPY,2002-09-13,120.05,122.25,119.4,121.63,0
USDJPY,2002-09-16,121.72,122.46,121.66,122.3,0
USDJPY,2002-09-17,122.29,123.51,121.9,122.08,0
USDJPY,2002-09-18,122.08,123.07,121.32,121.45,0
USDJPY,2002-09-19,121.44,121.92,120.86,121.46,0
USDJPY,2002-09-20,121.46,123.71,121.4,123.3,0
USDJPY,2002-09-23,123.41,124.2,122.79,123.89,0
USDJPY,2002-09-24,123.9,124.03,122.91,123.37,0
USDJPY,2002-09-25,123.38,123.4,121.99,122.7,0
USDJPY,2002-09-26,122.71,123.05,121.83,122.12,0
USDJPY,2002-09-27,122.13,123.19,122.0,122.53,0
USDJPY,2002-09-30,122.72,122.78,121.05,121.83,0
USDJPY,2002-10-01,121.83,122.8,121.64,122.6,0
USDJPY,2002-10-02,122.58,123.31,122.55,122.76,0
USDJPY,2002-10-03,122.76,123.09,122.36,122.4,0
USDJPY,2002-10-04,122.4,123.3,122.28,123.2,0
USDJPY,2002-10-07,123.17,124.44,123.01,124.3,0
USDJPY,2002-10-08,124.3,124.6,123.9,124.08,0
USDJPY,2002-10-09,124.07,124.4,123.01,123.01,0
USDJPY,2002-10-10,122.98,123.74,122.98,123.59,0
USDJPY,2002-10-11,123.59,124.48,123.35,124.02,0
USDJPY,2002-10-14,123.97,124.37,123.77,124.34,0
USDJPY,2002-10-15,124.34,124.97,124.16,124.63,0
USDJPY,2002-10-16,124.66,125.05,123.87,124.51,0
USDJPY,2002-10-17,124.51,125.17,124.0,125.1,0
USDJPY,2002-10-18,125.13,125.56,124.94,125.45,0
USDJPY,2002-10-21,125.53,125.64,124.43,124.86,0
USDJPY,2002-10-22,124.87,125.5,124.73,125.14,0
USDJPY,2002-10-23,125.14,125.23,123.79,124.52,0
USDJPY,2002-10-24,124.53,124.85,123.86,124.64,0
USDJPY,2002-10-25,124.64,124.65,123.58,124.17,0
USDJPY,2002-10-28,124.15,124.99,123.17,123.45,0
USDJPY,2002-10-29,123.44,123.75,122.28,122.93,0
USDJPY,2002-10-30,122.91,123.23,122.49,122.89,0
USDJPY,2002-10-31,122.86,123.21,122.28,122.45,0
USDJPY,2002-11-01,122.46,122.83,121.58,122.15,0
USDJPY,2002-11-04,122.19,122.58,122.1,122.21,0
USDJPY,2002-11-05,122.21,122.28,121.34,122.11,0
USDJPY,2002-11-06,122.11,122.64,121.5,121.65,0
USDJPY,2002-11-07,121.63,121.95,121.09,121.15,0
USDJPY,2002-11-08,121.15,121.34,119.5,119.78,0
USDJPY,2002-11-11,119.94,120.07,119.06,119.7,0
USDJPY,2002-11-12,119.68,119.86,119.25,119.64,0
USDJPY,2002-11-13,119.64,120.31,119.53,120.08,0
USDJPY,2002-11-14,120.08,120.67,119.62,120.59,0
USDJPY,2002-11-15,120.58,120.9,120.22,120.46,0
USDJPY,2002-11-18,121.06,121.25,120.89,120.94,0
USDJPY,2002-11-19,120.95,122.48,120.79,122.17,0
USDJPY,2002-11-20,122.23,122.77,122.12,122.73,0
USDJPY,2002-11-21,122.75,122.95,121.87,122.65,0
USDJPY,2002-11-22,122.66,122.99,122.41,122.95,0
USDJPY,2002-11-25,123.08,123.18,121.71,122.06,0
USDJPY,2002-11-26,122.01,122.17,121.5,121.52,0
USDJPY,2002-11-27,121.55,122.42,121.3,122.36,0
USDJPY,2002-11-28,122.37,122.4,121.92,122.18,0
USDJPY,2002-11-29,122.16,122.75,122.14,122.47,0
USDJPY,2002-12-02,122.81,125.0,122.69,124.37,0
USDJPY,2002-12-03,124.35,124.81,124.13,124.19,0
USDJPY,2002-12-04,124.18,124.99,124.18,124.45,0
USDJPY,2002-12-05,124.44,125.72,124.39,124.71,0
USDJPY,2002-12-06,124.68,125.49,122.15,123.52,0
USDJPY,2002-12-09,123.31,123.52,122.38,123.36,0
USDJPY,2002-12-10,123.35,123.95,123.04,123.92,0
USDJPY,2002-12-11,123.92,124.05,123.07,123.72,0
USDJPY,2002-12-12,123.7,123.86,122.44,122.48,0
USDJPY,2002-12-13,122.5,122.85,120.3,120.43,0
USDJPY,2002-12-16,120.73,121.45,120.38,121.33,0
USDJPY,2002-12-17,121.36,121.68,120.2,121.62,0
USDJPY,2002-12-18,121.65,121.69,120.66,120.69,0
USDJPY,2002-12-19,120.68,121.25,120.34,120.53,0
USDJPY,2002-12-20,120.56,120.97,120.3,120.36,0
USDJPY,2002-12-23,120.45,120.77,119.77,120.39,0
USDJPY,2002-12-24,120.4,120.49,119.95,120.26,0
USDJPY,2002-12-25,120.25,120.47,120.19,120.33,0
USDJPY,2002-12-26,120.35,120.35,119.88,120.03,0
USDJPY,2002-12-27,120.07,120.17,119.79,119.86,0
USDJPY,2002-12-30,120.0,120.0,118.27,118.5,0
USDJPY,2002-12-31,118.49,118.82,118.38,118.7,0
USDJPY,2003-01-01,118.75,118.79,118.6,118.71,0
USDJPY,2003-01-02,118.74,120.25,118.58,120.21,0
USDJPY,2003-01-03,120.21,120.27,119.52,119.67,0
USDJPY,2003-01-06,119.74,119.87,118.51,119.36,0
USDJPY,2003-01-07,119.33,120.57,119.22,120.22,0
USDJPY,2003-01-08,120.21,120.42,118.63,119.11,0
USDJPY,2003-01-09,119.11,119.58,118.69,119.38,0
USDJPY,2003-01-10,119.4,120.03,119.02,119.3,0
USDJPY,2003-01-13,119.12,119.33,119.02,119.24,0
USDJPY,2003-01-14,118.9,119.16,117.52,118.0,0
USDJPY,2003-01-15,118.01,118.44,117.73,118.11,0
USDJPY,2003-01-16,118.13,118.32,117.63,117.82,0
USDJPY,2003-01-17,117.79,118.17,117.38,117.78,0
USDJPY,2003-01-20,117.94,118.32,117.84,118.01,0
USDJPY,2003-01-21,118.02,119.14,117.98,118.16,0
USDJPY,2003-01-22,118.14,118.52,117.92,118.34,0
USDJPY,2003-01-23,118.33,118.82,117.62,118.12,0
USDJPY,2003-01-24,118.12,118.18,117.51,117.81,0
USDJPY,2003-01-27,117.79,119.26,117.5,118.55,0
USDJPY,2003-01-28,118.56,118.94,118.31,118.68,0
USDJPY,2003-01-29,118.67,118.68,117.83,118.63,0
USDJPY,2003-01-30,118.62,119.47,118.42,119.04,0
USDJPY,2003-01-31,119.01,120.06,118.83,119.91,0
USDJPY,2003-02-03,119.88,120.88,119.77,120.3,0
USDJPY,2003-02-04,120.31,120.5,119.58,119.84,0
USDJPY,2003-02-05,119.83,120.32,119.02,120.14,0
USDJPY,2003-02-06,120.13,120.26,119.54,119.89,0
USDJPY,2003-02-07,119.91,120.41,119.57,120.22,0
USDJPY,2003-02-10,120.44,121.38,120.25,121.21,0
USDJPY,2003-02-11,121.2,121.76,120.9,120.95,0
USDJPY,2003-02-12,120.95,121.46,120.42,121.32,0
USDJPY,2003-02-13,121.3,121.33,120.2,120.33,0
USDJPY,2003-02-14,120.31,120.82,120.09,120.3,0
USDJPY,2003-02-17,120.51,120.78,119.96,120.21,0
USDJPY,2003-02-18,120.17,120.24,118.65,119.04,0
USDJPY,2003-02-19,119.04,119.19,118.54,118.68,0
USDJPY,2003-02-20,118.67,119.07,118.07,118.3,0
USDJPY,2003-02-21,118.32,118.89,118.18,118.61,0
USDJPY,2003-02-24,118.76,118.78,117.56,118.15,0
USDJPY,2003-02-25,118.15,118.23,116.96,117.46,0
USDJPY,2003-02-26,117.47,117.62,117.02,117.09,0
USDJPY,2003-02-27,117.05,117.78,116.78,117.71,0
USDJPY,2003-02-28,117.7,118.27,117.55,118.09,0
USDJPY,2003-03-03,118.25,118.28,117.07,117.65,0
USDJPY,2003-03-04,117.66,118.07,117.09,117.14,0
USDJPY,2003-03-05,117.16,117.59,117.0,117.29,0
USDJPY,2003-03-06,117.28,117.58,117.12,117.3,0
USDJPY,2003-03-07,117.3,117.47,116.33,117.05,0
USDJPY,2003-03-10,117.04,117.08,116.38,116.85,0
USDJPY,2003-03-11,116.84,117.29,116.62,117.12,0
USDJPY,2003-03-12,117.13,117.55,117.03,117.49,0
USDJPY,2003-03-13,117.49,118.74,117.47,118.66,0
USDJPY,2003-03-14,118.64,118.69,118.0,118.3,0
USDJPY,2003-03-17,117.7,118.95,117.54,118.81,0
USDJPY,2003-03-18,118.81,119.18,118.43,118.6,0
USDJPY,2003-03-19,118.58,120.62,118.54,120.06,0
USDJPY,2003-03-20,120.07,120.48,119.71,120.3,0
USDJPY,2003-03-21,120.31,121.86,120.21,121.46,0
USDJPY,2003-03-24,120.95,121.3,120.32,120.68,0
USDJPY,2003-03-25,120.71,120.74,119.41,119.91,0
USDJPY,2003-03-26,119.91,120.47,119.81,119.98,0
USDJPY,2003-03-27,119.98,120.03,119.56,119.97,0
USDJPY,2003-03-28,119.99,120.41,119.43,119.72,0
USDJPY,2003-03-31,119.79,120.15,117.82,118.01,0
USDJPY,2003-04-01,118.0,118.48,117.77,117.79,0
USDJPY,2003-04-02,117.77,119.24,117.6,119.14,0
USDJPY,2003-04-03,119.04,119.13,118.48,118.73,0
USDJPY,2003-04-04,119.32,120.19,119.13,119.95,0
USDJPY,2003-04-07,120.29,120.89,119.63,119.89,0
USDJPY,2003-04-08,119.86,120.15,119.4,119.71,0
USDJPY,2003-04-09,119.72,120.66,119.61,120.08,0
USDJPY,2003-04-10,120.08,120.28,119.11,119.54,0
USDJPY,2003-04-11,119.54,120.85,119.49,120.52,0
USDJPY,2003-04-14,120.63,120.81,119.92,120.29,0
USDJPY,2003-04-15,120.29,120.69,119.97,120.31,0
USDJPY,2003-04-16,120.31,120.57,119.26,119.56,0
USDJPY,2003-04-17,119.55,119.75,118.9,119.65,0
USDJPY,2003-04-18,119.66,119.81,119.57,119.81,0
USDJPY,2003-04-21,119.65,120.66,119.55,120.53,0
USDJPY,2003-04-22,120.52,120.74,119.32,119.87,0
USDJPY,2003-04-23,119.88,120.62,119.76,120.47,0
USDJPY,2003-04-24,120.46,120.68,119.47,119.76,0
USDJPY,2003-04-25,119.77,121.11,119.67,120.16,0
USDJPY,2003-04-28,120.28,120.49,119.85,120.48,0
USDJPY,2003-04-29,120.49,120.68,119.6,119.86,0
USDJPY,2003-04-30,119.89,119.95,118.57,118.82,0
USDJPY,2003-05-01,118.83,118.97,118.12,118.45,0
USDJPY,2003-05-02,118.47,119.26,118.37,119.03,0
USDJPY,2003-05-05,119.04,119.06,118.44,118.45,0
USDJPY,2003-05-06,118.47,118.73,117.27,117.59,0
USDJPY,2003-05-07,117.6,117.81,116.04,116.42,0
USDJPY,2003-05-08,116.45,117.19,115.97,117.08,0
USDJPY,2003-05-09,117.09,117.61,117.05,117.35,0
USDJPY,2003-05-12,117.08,117.11,116.28,117.0,0
USDJPY,2003-05-13,117.01,117.52,116.33,116.77,0
USDJPY,2003-05-14,116.77,116.85,115.55,116.21,0
USDJPY,2003-05-15,116.13,116.62,115.26,116.43,0
USDJPY,2003-05-16,116.44,116.6,115.83,116.01,0
USDJPY,2003-05-19,115.63,117.48,115.03,117.08,0
USDJPY,2003-05-20,117.06,117.39,116.57,116.64,0
USDJPY,2003-05-21,116.63,117.76,116.5,117.6,0
USDJPY,2003-05-22,117.59,117.78,116.88,117.25,0
USDJPY,2003-05-23,117.27,117.41,116.71,116.95,0
USDJPY,2003-05-26,116.96,117.39,116.64,116.86,0
USDJPY,2003-05-27,116.85,117.31,116.18,117.27,0
USDJPY,2003-05-28,117.27,118.91,116.93,118.55,0
USDJPY,2003-05-29,118.53,119.14,117.91,118.17,0
USDJPY,2003-05-30,118.15,119.63,118.09,119.3,0
USDJPY,2003-06-02,119.5,119.52,118.29,118.65,0
USDJPY,2003-06-03,118.64,119.33,118.27,119.14,0
USDJPY,2003-06-04,119.15,119.36,118.31,118.83,0
USDJPY,2003-06-05,118.85,118.91,117.31,117.72,0
USDJPY,2003-06-06,117.72,118.91,117.58,118.63,0
USDJPY,2003-06-09,118.42,118.54,117.7,118.18,0
USDJPY,2003-06-10,118.17,118.37,117.51,117.67,0
USDJPY,2003-06-11,117.7,118.13,117.41,117.69,0
USDJPY,2003-06-12,117.79,117.98,117.46,117.62,0
USDJPY,2003-06-13,117.62,117.88,117.14,117.39,0
USDJPY,2003-06-16,117.3,117.79,117.11,117.64,0
USDJPY,2003-06-17,117.63,118.41,117.4,118.09,0
USDJPY,2003-06-18,118.12,118.71,117.7,117.94,0
USDJPY,2003-06-19,117.92,119.1,117.92,118.45,0
USDJPY,2003-06-20,118.46,118.62,117.96,118.33,0
USDJPY,2003-06-23,118.49,118.6,117.44,117.71,0
USDJPY,2003-06-24,117.68,118.09,117.53,117.92,0
USDJPY,2003-06-25,117.93,118.14,117.29,117.93,0
USDJPY,2003-06-26,117.92,119.35,117.89,119.26,0
USDJPY,2003-06-27,119.76,119.95,119.26,119.53,0
USDJPY,2003-06-30,119.72,120.23,119.59,119.67,0
USDJPY,2003-07-01,119.66,119.95,118.97,119.24,0
USDJPY,2003-07-02,119.24,119.47,117.89,118.15,0
USDJPY,2003-07-03,118.16,118.6,117.84,118.17,0
USDJPY,2003-07-04,118.17,118.46,118.1,118.33,0
USDJPY,2003-07-07,118.1,118.32,117.81,118.09,0
USDJPY,2003-07-08,118.11,118.69,117.59,118.25,0
USDJPY,2003-07-09,118.29,118.44,117.6,117.81,0
USDJPY,2003-07-10,117.79,118.02,117.34,117.67,0
USDJPY,2003-07-11,117.65,118.0,117.52,117.91,0
USDJPY,2003-07-14,117.65,117.82,117.3,117.72,0
USDJPY,2003-07-15,117.7,118.02,116.62,117.86,0
USDJPY,2003-07-16,117.85,118.69,117.8,118.02,0
USDJPY,2003-07-17,118.01,118.92,117.82,118.82,0
USDJPY,2003-07-18,118.8,119.26,118.2,118.42,0
USDJPY,2003-07-21,118.71,118.78,118.21,118.55,0
USDJPY,2003-07-22,119.21,119.38,118.88,119.02,0
USDJPY,2003-07-23,119.0,119.11,118.58,118.72,0
USDJPY,2003-07-24,118.74,119.29,118.55,118.95,0
USDJPY,2003-07-25,119.05,119.28,118.54,118.76,0
USDJPY,2003-07-28,118.9,119.58,118.89,119.41,0
USDJPY,2003-07-29,119.42,119.93,119.1,119.82,0
USDJPY,2003-07-30,119.85,120.72,119.59,120.28,0
USDJPY,2003-07-31,120.26,120.6,119.72,120.56,0
USDJPY,2003-08-01,120.54,120.66,119.79,120.13,0
USDJPY,2003-08-04,120.11,120.59,119.69,120.31,0
USDJPY,2003-08-05,120.32,120.63,119.7,119.9,0
USDJPY,2003-08-06,119.87,120.43,119.7,120.2,0
USDJPY,2003-08-07,120.2,120.2,118.79,119.11,0
USDJPY,2003-08-08,119.12,119.23,118.81,119.03,0
USDJPY,2003-08-11,119.09,119.14,118.17,118.5,0
USDJPY,2003-08-12,118.49,118.81,118.3,118.6,0
USDJPY,2003-08-13,118.58,119.43,118.49,119.2,0
USDJPY,2003-08-14,119.15,119.66,118.8,118.97,0
USDJPY,2003-08-15,118.98,119.29,118.75,119.13,0
USDJPY,2003-08-18,119.12,119.74,119.03,119.4,0
USDJPY,2003-08-19,119.38,119.79,118.23,118.57,0
USDJPY,2003-08-20,118.58,118.74,117.78,118.06,0
USDJPY,2003-08-21,118.06,118.2,117.52,117.83,0
USDJPY,2003-08-22,117.83,118.07,117.3,117.49,0
USDJPY,2003-08-25,117.48,117.67,117.14,117.23,0
USDJPY,2003-08-26,117.25,117.77,117.2,117.3,0
USDJPY,2003-08-27,117.31,117.98,117.21,117.48,0
USDJPY,2003-08-28,117.49,117.6,117.2,117.32,0
USDJPY,2003-08-29,117.34,117.35,116.13,116.89,0
USDJPY,2003-09-01,116.66,116.78,116.33,116.5,0
USDJPY,2003-09-02,116.51,117.22,115.81,116.44,0
USDJPY,2003-09-03,116.45,116.56,115.83,115.91,0
USDJPY,2003-09-04,115.89,117.07,115.73,116.85,0
USDJPY,2003-09-05,116.83,117.15,116.43,116.79,0
USDJPY,2003-09-08,117.55,117.69,116.33,116.61,0
USDJPY,2003-09-09,116.62,116.96,116.1,116.81,0
USDJPY,2003-09-10,116.81,117.23,116.62,117.07,0
USDJPY,2003-09-11,117.09,117.3,116.66,117.08,0
USDJPY,2003-09-12,117.09,117.49,116.73,117.27,0
USDJPY,2003-09-15,117.23,117.65,117.22,117.41,0
USDJPY,2003-09-16,117.42,117.43,116.0,116.19,0
USDJPY,2003-09-17,116.2,116.48,115.85,116.11,0
USDJPY,2003-09-18,116.11,116.16,114.75,115.23,0
USDJPY,2003-09-19,115.22,115.49,113.57,113.91,0
USDJPY,2003-09-22,111.68,112.73,111.39,112.07,0
USDJPY,2003-09-23,112.12,112.36,110.9,112.27,0
USDJPY,2003-09-24,112.27,112.32,111.25,111.89,0
USDJPY,2003-09-25,111.88,112.32,111.45,112.1,0
USDJPY,2003-09-26,112.1,112.26,111.57,111.69,0
USDJPY,2003-09-29,111.51,111.73,110.61,110.82,0
USDJPY,2003-09-30,110.78,112.06,110.12,111.29,0
USDJPY,2003-10-01,111.28,111.41,110.5,111.23,0
USDJPY,2003-10-02,111.27,111.27,110.53,110.87,0
USDJPY,2003-10-03,110.91,111.01,110.24,110.81,0
USDJPY,2003-10-06,110.94,111.33,110.78,110.93,0
USDJPY,2003-10-07,110.93,111.15,109.34,109.91,0
USDJPY,2003-10-08,109.91,109.93,109.36,109.52,0
USDJPY,2003-10-09,109.51,109.59,108.92,109.1,0
USDJPY,2003-10-10,109.11,109.29,108.2,108.56,0
USDJPY,2003-10-13,108.44,109.02,108.27,108.98,0
USDJPY,2003-10-14,108.95,110.18,108.61,108.79,0
USDJPY,2003-10-15,108.78,109.76,108.76,109.51,0
USDJPY,2003-10-16,109.52,110.27,109.21,109.77,0
USDJPY,2003-10-17,109.74,109.99,109.24,109.3,0
USDJPY,2003-10-20,108.87,110.56,108.8,110.18,0
USDJPY,2003-10-21,110.2,110.31,109.4,109.56,0
USDJPY,2003-10-22,109.56,109.68,108.79,108.96,0
USDJPY,2003-10-23,108.96,109.8,108.83,109.42,0
USDJPY,2003-10-24,109.45,109.88,109.01,109.23,0
USDJPY,2003-10-27,108.63,108.75,108.29,108.43,0
USDJPY,2003-10-28,108.46,108.62,108.1,108.15,0
USDJPY,2003-10-29,108.15,108.35,107.83,108.22,0
USDJPY,2003-10-30,108.21,108.83,107.96,108.6,0
USDJPY,2003-10-31,108.63,110.19,108.61,110.0,0
USDJPY,2003-11-03,109.74,111.47,109.73,110.8,0
USDJPY,2003-11-04,110.78,110.8,109.41,109.55,0
USDJPY,2003-11-05,109.57,110.04,109.42,109.86,0
USDJPY,2003-11-06,109.88,110.3,109.81,110.17,0
USDJPY,2003-11-07,110.11,110.39,109.04,109.33,0
USDJPY,2003-11-10,109.54,109.63,107.84,108.73,0
USDJPY,2003-11-11,108.75,109.14,108.49,108.77,0
USDJPY,2003-11-12,108.75,109.12,108.44,108.68,0
USDJPY,2003-11-13,108.68,108.68,107.99,108.03,0
USDJPY,2003-11-14,108.05,108.53,107.9,108.3,0
USDJPY,2003-11-17,108.24,109.69,108.24,109.01,0
USDJPY,2003-11-18,109.0,109.11,107.92,108.06,0
USDJPY,2003-11-19,108.13,109.43,107.62,109.11,0
USDJPY,2003-11-20,109.08,109.16,108.65,109.0,0
USDJPY,2003-11-21,109.04,109.38,108.55,108.75,0
USDJPY,2003-11-24,108.84,109.47,108.78,109.38,0
USDJPY,2003-11-25,109.37,110.02,109.28,109.4,0
USDJPY,2003-11-26,109.38,109.76,108.89,109.05,0
USDJPY,2003-11-27,109.07,109.3,108.87,109.28,0
USDJPY,2003-11-28,109.26,109.64,109.13,109.62,0
USDJPY,2003-12-01,109.83,109.99,109.05,109.17,0
USDJPY,2003-12-02,109.18,109.78,108.48,108.73,0
USDJPY,2003-12-03,108.73,108.79,108.04,108.3,0
USDJPY,2003-12-04,108.3,108.46,107.9,108.27,0
USDJPY,2003-12-05,108.25,108.42,107.49,107.62,0
USDJPY,2003-12-08,107.54,107.76,107.09,107.41,0
USDJPY,2003-12-09,107.42,107.48,106.81,107.09,0
USDJPY,2003-12-10,107.09,108.66,107.05,108.38,0
USDJPY,2003-12-11,108.38,108.42,107.93,107.98,0
USDJPY,2003-12-12,107.98,108.03,107.61,107.68,0
USDJPY,2003-12-15,108.09,108.16,107.4,107.74,0
USDJPY,2003-12-16,107.73,107.82,107.38,107.51,0
USDJPY,2003-12-17,107.53,107.79,107.17,107.38,0
USDJPY,2003-12-18,107.37,108.06,107.25,107.65,0
USDJPY,2003-12-19,107.64,107.99,107.48,107.71,0
USDJPY,2003-12-22,107.89,107.92,107.28,107.49,0
USDJPY,2003-12-23,107.46,107.55,107.23,107.43,0
USDJPY,2003-12-24,107.41,107.53,107.11,107.26,0
USDJPY,2003-12-25,107.27,107.35,107.09,107.24,0
USDJPY,2003-12-26,107.22,107.51,106.91,107.45,0
USDJPY,2003-12-29,107.32,107.35,106.83,107.05,0
USDJPY,2003-12-30,107.07,107.16,106.86,106.96,0
USDJPY,2003-12-31,106.96,107.68,106.76,107.4,0
USDJPY,2004-01-01,106.95,107.47,106.95,107.3,0
USDJPY,2004-01-02,107.32,107.49,106.73,106.91,0
USDJPY,2004-01-05,106.93,107.32,106.01,106.24,0
USDJPY,2004-01-06,106.24,106.39,105.98,106.23,0
USDJPY,2004-01-07,106.22,106.41,105.96,106.18,0
USDJPY,2004-01-08,106.19,106.25,106.04,106.17,0
USDJPY,2004-01-09,106.18,108.21,106.11,106.58,0
USDJPY,2004-01-12,106.61,106.74,106.29,106.6,0
USDJPY,2004-01-13,106.6,106.6,106.13,106.24,0
USDJPY,2004-01-14,106.24,106.32,105.95,106.24,0
USDJPY,2004-01-15,106.2,106.45,105.98,106.27,0
USDJPY,2004-01-16,106.32,106.97,105.74,106.75,0
USDJPY,2004-01-19,106.64,107.44,106.44,107.23,0
USDJPY,2004-01-20,107.24,107.89,106.81,107.0,0
USDJPY,2004-01-21,107.04,107.25,106.63,106.81,0
USDJPY,2004-01-22,106.84,106.99,105.94,106.13,0
USDJPY,2004-01-23,106.17,106.82,105.73,106.75,0
USDJPY,2004-01-26,106.63,106.64,105.8,106.35,0
USDJPY,2004-01-27,106.37,106.38,105.45,105.63,0
USDJPY,2004-01-28,105.63,106.51,105.46,106.13,0
USDJPY,2004-01-29,106.13,106.21,105.64,105.91,0
USDJPY,2004-01-30,105.94,106.09,105.61,105.72,0
USDJPY,2004-02-02,105.64,105.74,105.37,105.52,0
USDJPY,2004-02-03,105.55,105.82,105.21,105.47,0
USDJPY,2004-02-04,105.49,105.63,105.27,105.45,0
USDJPY,2004-02-05,105.48,106.01,105.35,105.64,0
USDJPY,2004-02-06,105.59,106.77,105.32,105.45,0
USDJPY,2004-02-09,105.64,105.87,105.49,105.82,0
USDJPY,2004-02-10,105.81,105.87,105.25,105.58,0
USDJPY,2004-02-11,105.61,105.69,105.18,105.34,0
USDJPY,2004-02-12,105.34,105.52,105.23,105.3,0
USDJPY,2004-02-13,105.31,105.59,105.19,105.2,0
USDJPY,2004-02-16,105.44,105.56,105.29,105.45,0
USDJPY,2004-02-17,105.45,105.97,105.42,105.61,0
USDJPY,2004-02-18,105.58,107.11,105.5,106.34,0
USDJPY,2004-02-19,106.35,107.41,106.33,106.91,0
USDJPY,2004-02-20,106.94,109.25,106.9,108.95,0
USDJPY,2004-02-23,108.77,109.36,108.06,108.3,0
USDJPY,2004-02-24,108.28,108.73,107.98,108.2,0
USDJPY,2004-02-25,108.2,109.1,108.03,108.97,0
USDJPY,2004-02-26,108.96,109.8,108.76,109.48,0
USDJPY,2004-02-27,109.54,109.67,108.9,109.25,0
USDJPY,2004-03-01,109.09,109.4,108.86,108.91,0
USDJPY,2004-03-02,108.92,110.39,108.87,110.15,0
USDJPY,2004-03-03,110.14,110.49,109.97,110.11,0
USDJPY,2004-03-04,110.12,111.27,110.03,111.25,0
USDJPY,2004-03-05,111.24,112.24,110.91,112.0,0
USDJPY,2004-03-08,112.07,112.26,111.1,111.29,0
USDJPY,2004-03-09,111.33,111.59,110.31,111.46,0
USDJPY,2004-03-10,111.45,111.47,110.69,110.89,0
USDJPY,2004-03-11,110.91,111.07,110.43,110.83,0
USDJPY,2004-03-12,110.82,111.37,110.6,110.65,0
USDJPY,2004-03-15,110.78,111.04,109.36,110.31,0
USDJPY,2004-03-16,110.34,110.34,108.6,108.71,0
USDJPY,2004-03-17,108.67,108.95,107.96,108.26,0
USDJPY,2004-03-18,108.27,108.34,106.43,106.79,0
USDJPY,2004-03-19,106.79,107.29,106.57,106.66,0
USDJPY,2004-03-22,106.91,107.64,106.7,106.76,0
USDJPY,2004-03-23,106.74,106.94,106.47,106.76,0
USDJPY,2004-03-24,106.72,106.91,106.03,106.4,0
USDJPY,2004-03-25,106.42,106.42,105.76,106.13,0
USDJPY,2004-03-26,106.13,106.19,105.54,106.18,0
USDJPY,2004-03-29,105.27,105.91,105.27,105.46,0
USDJPY,2004-03-30,105.46,106.16,105.42,105.84,0
USDJPY,2004-03-31,105.83,105.89,103.54,104.21,0
USDJPY,2004-04-01,104.2,104.45,103.3,103.74,0
USDJPY,2004-04-02,103.72,104.67,103.68,104.61,0
USDJPY,2004-04-05,104.14,105.42,104.14,105.09,0
USDJPY,2004-04-06,105.07,106.97,104.95,105.76,0
USDJPY,2004-04-07,105.74,106.12,104.98,105.22,0
USDJPY,2004-04-08,105.23,106.43,105.14,106.42,0
USDJPY,2004-04-09,106.42,106.74,105.99,106.4,0
USDJPY,2004-04-12,106.27,106.42,105.17,105.35,0
USDJPY,2004-04-13,105.35,106.97,105.05,106.82,0
USDJPY,2004-04-14,106.82,108.96,106.72,108.67,0
USDJPY,2004-04-15,108.65,109.12,108.05,108.21,0
USDJPY,2004-04-16,108.19,108.85,107.57,107.8,0
USDJPY,2004-04-19,107.77,108.65,107.63,108.39,0
USDJPY,2004-04-20,108.19,109.07,107.71,108.96,0
USDJPY,2004-04-21,108.93,109.75,108.58,109.35,0
USDJPY,2004-04-22,109.34,109.86,109.14,109.38,0
USDJPY,2004-04-23,109.42,109.77,108.63,109.16,0
USDJPY,2004-04-26,109.16,109.32,108.3,108.63,0
USDJPY,2004-04-27,108.6,109.8,108.36,109.52,0
USDJPY,2004-04-28,109.55,110.17,108.76,110.02,0
USDJPY,2004-04-29,110.04,110.86,109.64,109.93,0
USDJPY,2004-04-30,109.94,110.6,109.84,110.37,0
USDJPY,2004-05-03,110.39,110.67,109.8,110.16,0
USDJPY,2004-05-04,110.18,110.56,109.24,109.55,0
USDJPY,2004-05-05,109.51,109.56,108.31,108.82,0
USDJPY,2004-05-06,108.84,109.86,108.64,109.74,0
USDJPY,2004-05-07,109.76,112.44,109.7,112.31,0
USDJPY,2004-05-10,112.24,114.09,112.24,113.73,0
USDJPY,2004-05-11,113.73,113.83,112.87,112.94,0
USDJPY,2004-05-12,112.93,113.44,112.43,112.97,0
USDJPY,2004-05-13,113.0,114.65,112.85,114.59,0
USDJPY,2004-05-14,114.59,114.84,114.02,114.11,0
USDJPY,2004-05-17,114.37,114.58,113.06,114.43,0
USDJPY,2004-05-18,114.43,114.67,113.39,114.09,0
USDJPY,2004-05-19,114.08,114.1,112.43,112.85,0
USDJPY,2004-05-20,112.86,113.85,112.59,112.73,0
USDJPY,2004-05-21,112.71,113.02,111.75,112.34,0
USDJPY,2004-05-24,112.36,113.23,112.09,113.12,0
USDJPY,2004-05-25,113.11,113.29,111.67,111.81,0
USDJPY,2004-05-26,111.8,111.97,111.24,111.86,0
USDJPY,2004-05-27,111.88,112.07,110.69,111.07,0
USDJPY,2004-05-28,111.05,111.05,109.97,109.97,0
USDJPY,2004-05-31,110.29,110.4,109.05,109.52,0
USDJPY,2004-06-01,109.5,110.71,109.23,110.42,0
USDJPY,2004-06-02,110.4,110.88,109.79,109.85,0
USDJPY,2004-06-03,109.83,111.44,109.8,111.16,0
USDJPY,2004-06-04,111.13,111.51,110.57,111.26,0
USDJPY,2004-06-07,110.95,110.98,109.48,109.62,0
USDJPY,2004-06-08,109.64,110.09,109.46,109.53,0
USDJPY,2004-06-09,109.53,110.54,108.64,110.39,0
USDJPY,2004-06-10,110.39,110.51,109.14,109.27,0
USDJPY,2004-06-11,109.26,110.44,109.26,110.13,0
USDJPY,2004-06-14,110.26,111.43,110.07,110.99,0
USDJPY,2004-06-15,110.99,111.35,109.31,109.41,0
USDJPY,2004-06-16,109.41,110.22,109.23,110.09,0
USDJPY,2004-06-17,110.1,110.18,108.94,109.58,0
USDJPY,2004-06-18,109.61,109.7,108.53,108.72,0
USDJPY,2004-06-21,108.68,108.95,108.24,108.68,0
USDJPY,2004-06-22,108.66,109.37,108.38,109.19,0
USDJPY,2004-06-23,109.18,109.18,108.15,108.21,0
USDJPY,2004-06-24,108.25,108.42,107.0,107.19,0
USDJPY,2004-06-25,107.19,107.97,107.11,107.6,0
USDJPY,2004-06-28,107.5,108.29,107.44,107.99,0
USDJPY,2004-06-29,108.0,108.72,107.82,108.19,0
USDJPY,2004-06-30,108.19,109.52,108.19,108.87,0
USDJPY,2004-07-01,108.85,108.87,107.87,108.47,0
USDJPY,2004-07-02,108.46,109.29,108.07,108.26,0
USDJPY,2004-07-05,108.25,109.19,108.25,109.01,0
USDJPY,2004-07-06,109.02,109.68,108.9,109.41,0
USDJPY,2004-07-07,109.42,109.47,108.19,108.52,0
USDJPY,2004-07-08,108.51,109.11,108.38,108.85,0
USDJPY,2004-07-09,108.87,108.93,107.93,108.18,0
USDJPY,2004-07-12,107.68,108.39,107.57,108.31,0
USDJPY,2004-07-13,108.33,109.36,108.18,108.42,0
USDJPY,2004-07-14,108.4,109.4,108.4,109.15,0
USDJPY,2004-07-15,109.16,109.95,109.0,109.76,0
USDJPY,2004-07-16,109.76,109.97,108.56,108.73,0
USDJPY,2004-07-19,108.78,108.8,108.08,108.27,0
USDJPY,2004-07-20,108.26,108.77,108.1,108.49,0
USDJPY,2004-07-21,108.5,110.26,108.35,109.87,0
USDJPY,2004-07-22,109.86,109.91,109.27,109.76,0
USDJPY,2004-07-23,109.75,110.23,109.62,110.15,0
USDJPY,2004-07-26,110.12,110.13,109.44,109.87,0
USDJPY,2004-07-27,109.86,111.16,109.6,110.88,0
USDJPY,2004-07-28,110.9,111.88,110.8,111.75,0
USDJPY,2004-07-29,111.75,112.47,111.49,112.11,0
USDJPY,2004-07-30,112.1,112.16,111.11,111.36,0
USDJPY,2004-08-02,111.2,111.39,110.61,110.85,0
USDJPY,2004-08-03,110.83,111.13,110.44,110.65,0
USDJPY,2004-08-04,110.65,111.69,110.52,111.0,0
USDJPY,2004-08-05,110.94,111.82,110.82,111.75,0
USDJPY,2004-08-06,111.75,111.87,109.86,110.51,0
USDJPY,2004-08-09,110.54,110.9,110.12,110.65,0
USDJPY,2004-08-10,110.65,111.43,110.41,111.22,0
USDJPY,2004-08-11,111.22,111.42,110.63,110.76,0
USDJPY,2004-08-12,110.77,111.22,110.45,110.88,0
USDJPY,2004-08-13,110.88,111.97,110.5,110.7,0
USDJPY,2004-08-16,110.5,110.96,110.35,110.39,0
USDJPY,2004-08-17,110.4,110.59,109.8,109.95,0
USDJPY,2004-08-18,109.97,110.14,109.28,109.43,0
USDJPY,2004-08-19,109.43,109.59,109.06,109.36,0
USDJPY,2004-08-20,109.37,109.69,108.98,109.11,0
USDJPY,2004-08-23,109.28,109.89,109.12,109.74,0
USDJPY,2004-08-24,109.74,110.02,109.42,109.69,0
USDJPY,2004-08-25,109.69,110.44,109.43,110.1,0
USDJPY,2004-08-26,110.07,110.25,109.35,109.62,0
USDJPY,2004-08-27,109.64,109.74,109.08,109.66,0
USDJPY,2004-08-30,109.73,110.37,109.54,109.92,0
USDJPY,2004-08-31,109.94,110.19,108.76,109.17,0
USDJPY,2004-09-01,109.16,109.66,108.95,109.36,0
USDJPY,2004-09-02,109.37,109.6,109.23,109.5,0
USDJPY,2004-09-03,109.5,110.69,109.12,110.41,0
USDJPY,2004-09-06,110.55,110.55,109.94,110.15,0
USDJPY,2004-09-07,110.18,110.18,109.24,109.37,0
USDJPY,2004-09-08,109.38,109.77,109.08,109.21,0
USDJPY,2004-09-09,109.19,110.0,109.14,109.39,0
USDJPY,2004-09-10,109.4,110.28,109.2,109.58,0
USDJPY,2004-09-13,109.35,110.31,109.3,110.05,0
USDJPY,2004-09-14,110.03,110.1,109.36,109.54,0
USDJPY,2004-09-15,109.53,110.38,109.3,110.02,0
USDJPY,2004-09-16,110.05,110.06,109.48,109.61,0
USDJPY,2004-09-17,109.58,110.22,109.36,109.7,0
USDJPY,2004-09-20,109.98,110.14,109.69,109.91,0
USDJPY,2004-09-21,109.91,110.16,109.59,109.78,0
USDJPY,2004-09-22,109.76,110.71,109.6,110.6,0
USDJPY,2004-09-23,110.59,110.87,110.26,110.74,0
USDJPY,2004-09-24,110.71,110.85,110.33,110.54,0
USDJPY,2004-09-27,110.63,111.35,110.48,111.17,0
USDJPY,2004-09-28,111.18,111.68,111.14,111.31,0
USDJPY,2004-09-29,111.31,111.38,110.67,111.02,0
USDJPY,2004-09-30,111.03,111.23,109.82,110.08,0
USDJPY,2004-10-01,110.07,110.56,109.84,110.48,0
USDJPY,2004-10-04,110.66,111.19,110.5,110.85,0
USDJPY,2004-10-05,110.87,111.33,110.68,111.06,0
USDJPY,2004-10-06,111.05,111.44,110.99,111.34,0
USDJPY,2004-10-07,111.32,111.41,110.97,111.11,0
USDJPY,2004-10-08,111.13,111.25,109.31,109.5,0
USDJPY,2004-10-11,109.49,109.57,109.13,109.37,0
USDJPY,2004-10-12,109.4,110.04,109.34,109.67,0
USDJPY,2004-10-13,109.65,110.16,109.41,109.67,0
USDJPY,2004-10-14,109.69,109.82,109.18,109.65,0
USDJPY,2004-10-15,109.63,109.65,108.8,109.37,0
USDJPY,2004-10-18,109.22,109.56,109.14,109.35,0
USDJPY,2004-10-19,109.35,109.43,108.24,108.35,0
USDJPY,2004-10-20,108.34,108.66,108.11,108.3,0
USDJPY,2004-10-21,108.26,108.38,107.33,107.41,0
USDJPY,2004-10-22,107.43,107.73,107.15,107.52,0
USDJPY,2004-10-25,107.21,107.23,106.21,106.6,0
USDJPY,2004-10-26,106.6,106.97,106.43,106.68,0
USDJPY,2004-10-27,106.68,107.11,106.25,106.65,0
USDJPY,2004-10-29,106.62,106.84,105.7,105.72,0
USDJPY,2004-11-01,105.8,106.6,105.78,106.45,0
USDJPY,2004-11-02,106.44,106.71,105.98,106.07,0
USDJPY,2004-11-03,106.07,106.88,105.97,106.12,0
USDJPY,2004-11-04,106.13,106.47,105.74,106.08,0
USDJPY,2004-11-05,106.14,106.5,105.49,105.49,0
USDJPY,2004-11-08,105.54,105.76,105.29,105.62,0
USDJPY,2004-11-09,105.63,105.88,105.5,105.75,0
USDJPY,2004-11-10,105.75,107.28,105.7,106.97,0
USDJPY,2004-11-11,106.95,107.04,106.41,106.68,0
USDJPY,2004-11-12,106.71,106.74,105.31,105.65,0
USDJPY,2004-11-15,105.43,105.58,105.14,105.41,0
USDJPY,2004-11-16,105.39,105.61,105.19,105.42,0
USDJPY,2004-11-17,105.42,105.47,103.8,104.05,0
USDJPY,2004-11-18,104.06,104.41,103.63,104.3,0
USDJPY,2004-11-19,104.32,104.35,102.72,103.08,0
USDJPY,2004-11-22,103.16,103.37,102.98,103.16,0
USDJPY,2004-11-23,103.14,103.65,102.91,103.33,0
USDJPY,2004-11-24,103.31,103.67,102.56,102.84,0
USDJPY,2004-11-25,102.83,102.99,102.36,102.52,0
USDJPY,2004-11-26,102.51,103.29,102.17,102.53,0
USDJPY,2004-11-29,102.75,103.1,102.5,103.03,0
USDJPY,2004-11-30,103.03,103.34,102.47,102.9,0
USDJPY,2004-12-01,102.89,102.99,102.49,102.51,0
USDJPY,2004-12-02,102.5,103.3,101.9,103.1,0
USDJPY,2004-12-03,103.09,103.58,102.02,102.09,0
USDJPY,2004-12-06,102.04,103.35,102.04,103.13,0
USDJPY,2004-12-07,103.13,103.15,102.41,102.86,0
USDJPY,2004-12-08,102.85,104.78,102.85,104.03,0
USDJPY,2004-12-09,104.01,104.96,103.87,104.68,0
USDJPY,2004-12-10,104.69,106.16,104.68,105.02,0
USDJPY,2004-12-13,105.42,105.42,104.52,104.69,0
USDJPY,2004-12-14,104.64,105.75,104.63,105.2,0
USDJPY,2004-12-15,105.19,105.68,103.99,104.25,0
USDJPY,2004-12-16,104.26,104.96,103.46,104.58,0
USDJPY,2004-12-17,104.59,104.7,104.07,104.15,0
USDJPY,2004-12-20,104.18,104.47,103.87,104.15,0
USDJPY,2004-12-21,104.13,104.63,103.73,104.3,0
USDJPY,2004-12-22,104.31,104.44,103.9,104.16,0
USDJPY,2004-12-23,104.14,104.15,103.53,103.55,0
USDJPY,2004-12-24,103.54,103.78,103.44,103.65,0
USDJPY,2004-12-27,103.72,104.06,102.71,102.89,0
USDJPY,2004-12-28,102.89,103.31,102.89,103.19,0
USDJPY,2004-12-29,103.17,104.23,103.14,103.94,0
USDJPY,2004-12-30,103.92,104.2,102.86,102.91,0
USDJPY,2004-12-31,102.9,102.95,102.31,102.51,0
USDJPY,2005-01-03,102.52,103.43,102.35,102.74,0
USDJPY,2005-01-04,102.73,104.74,102.46,104.34,0
USDJPY,2005-01-05,104.33,104.97,103.77,103.93,0
USDJPY,2005-01-06,103.96,105.13,103.96,104.89,0
USDJPY,2005-01-07,104.87,105.11,103.89,104.89,0
USDJPY,2005-01-10,104.68,104.8,104.07,104.17,0
USDJPY,2005-01-11,104.18,104.26,103.12,103.42,0
USDJPY,2005-01-12,103.42,103.53,102.18,102.44,0
USDJPY,2005-01-13,102.45,102.75,102.23,102.46,0
USDJPY,2005-01-14,102.46,103.11,101.8,101.98,0
USDJPY,2005-01-17,102.02,102.3,101.66,102.26,0
USDJPY,2005-01-18,102.26,102.97,102.15,102.26,0
USDJPY,2005-01-19,102.24,102.96,102.01,102.91,0
USDJPY,2005-01-20,102.88,103.54,102.48,103.37,0
USDJPY,2005-01-21,103.35,103.91,102.59,102.61,0
USDJPY,2005-01-24,102.81,102.98,102.49,102.58,0
USDJPY,2005-01-25,102.56,104.29,102.56,104.02,0
USDJPY,2005-01-26,104.01,104.02,102.76,103.07,0
USDJPY,2005-01-27,103.08,103.49,102.38,102.85,0
USDJPY,2005-01-28,102.86,103.61,102.83,102.73,0
USDJPY,2005-01-31,103.59,103.78,103.35,103.6,0
USDJPY,2005-02-01,103.61,104.07,103.49,103.64,0
USDJPY,2005-02-02,103.64,104.06,103.35,103.66,0
USDJPY,2005-02-03,103.65,104.69,103.64,104.46,0
USDJPY,2005-02-04,104.47,104.59,103.51,104.04,0
USDJPY,2005-02-07,104.31,105.0,104.06,104.82,0
USDJPY,2005-02-08,104.82,105.93,104.79,105.71,0
USDJPY,2005-02-09,105.68,105.95,105.33,105.59,0
USDJPY,2005-02-10,105.61,106.69,105.38,105.82,0
USDJPY,2005-02-11,105.82,105.86,105.49,105.75,0
USDJPY,2005-02-14,105.45,105.45,104.64,105.1,0
USDJPY,2005-02-15,105.1,105.36,104.29,104.55,0
USDJPY,2005-02-16,104.55,105.67,104.55,105.48,0
USDJPY,2005-02-17,105.5,105.77,105.18,105.48,0
USDJPY,2005-02-18,105.49,105.86,105.2,105.63,0
USDJPY,2005-02-21,105.61,105.78,105.4,105.44,0
USDJPY,2005-02-22,105.44,105.59,103.82,104.23,0
USDJPY,2005-02-23,104.22,105.08,104.16,105.05,0
USDJPY,2005-02-24,105.04,105.56,104.6,105.5,0
USDJPY,2005-02-25,105.43,105.48,105.03,105.24,0
USDJPY,2005-02-28,104.83,104.85,104.09,104.53,0
USDJPY,2005-03-01,104.55,104.74,104.18,104.45,0
USDJPY,2005-03-02,104.47,105.08,104.42,104.77,0
USDJPY,2005-03-03,104.76,105.36,104.73,105.29,0
USDJPY,2005-03-04,105.31,105.51,104.33,104.79,0
USDJPY,2005-03-07,104.59,105.35,104.52,105.09,0
USDJPY,2005-03-08,105.08,105.16,104.33,104.57,0
USDJPY,2005-03-09,104.55,104.73,103.65,104.01,0
USDJPY,2005-03-10,104.01,104.27,103.71,103.93,0
USDJPY,2005-03-11,103.93,104.28,103.72,104.08,0
USDJPY,2005-03-14,103.81,105.17,103.8,104.93,0
USDJPY,2005-03-15,104.92,104.97,104.14,104.54,0
USDJPY,2005-03-16,104.54,104.67,103.9,104.19,0
USDJPY,2005-03-17,104.2,104.84,104.12,104.53,0
USDJPY,2005-03-18,104.54,105.0,104.54,104.71,0
USDJPY,2005-03-21,104.66,105.48,104.64,105.21,0
USDJPY,2005-03-22,105.2,105.66,104.85,105.6,0
USDJPY,2005-03-23,105.6,106.15,105.25,105.91,0
USDJPY,2005-03-24,105.92,106.54,105.9,106.42,0
USDJPY,2005-03-25,106.42,106.49,106.26,106.36,0
USDJPY,2005-03-28,106.35,107.32,106.35,107.24,0
USDJPY,2005-03-29,107.23,107.59,106.97,107.33,0
USDJPY,2005-03-30,107.34,107.63,107.11,107.53,0
USDJPY,2005-03-31,107.52,107.55,106.63,107.14,0
USDJPY,2005-04-01,107.15,107.75,106.77,107.66,0
USDJPY,2005-04-04,107.65,108.38,107.58,108.28,0
USDJPY,2005-04-05,108.29,108.83,108.06,108.27,0
USDJPY,2005-04-06,108.25,108.76,107.84,108.68,0
USDJPY,2005-04-07,108.67,108.77,108.09,108.59,0
USDJPY,2005-04-08,108.61,108.86,108.14,108.16,0
USDJPY,2005-04-11,108.35,108.5,107.62,107.73,0
USDJPY,2005-04-12,107.73,108.45,107.51,107.8,0
USDJPY,2005-04-13,107.79,107.82,107.13,107.32,0
USDJPY,2005-04-14,107.32,108.4,107.26,108.3,0
USDJPY,2005-04-15,108.29,108.48,107.43,107.71,0
USDJPY,2005-04-18,107.67,108.02,107.26,107.43,0
USDJPY,2005-04-19,107.42,107.5,106.7,106.86,0
USDJPY,2005-04-20,106.88,107.48,106.6,106.85,0
USDJPY,2005-04-21,106.86,107.4,106.68,106.77,0
USDJPY,2005-04-22,106.77,106.94,105.74,105.95,0
USDJPY,2005-04-25,105.57,106.04,105.53,105.71,0
USDJPY,2005-04-26,105.7,106.14,105.57,106.12,0
USDJPY,2005-04-27,106.09,106.35,105.68,105.93,0
USDJPY,2005-04-28,105.93,106.26,105.65,106.04,0
USDJPY,2005-04-29,106.04,106.1,104.6,104.65,0
USDJPY,2005-05-02,105.12,105.41,104.9,105.1,0
USDJPY,2005-05-03,105.09,105.32,104.84,104.87,0
USDJPY,2005-05-04,104.85,104.99,104.2,104.52,0
USDJPY,2005-05-05,104.51,104.67,104.25,104.51,0
USDJPY,2005-05-06,104.51,105.07,104.5,105.07,0
USDJPY,2005-05-09,105.23,105.72,105.16,105.71,0
USDJPY,2005-05-10,105.74,105.95,105.36,105.46,0
USDJPY,2005-05-11,105.47,105.91,105.01,105.75,0
USDJPY,2005-05-12,105.76,106.9,105.68,106.82,0
USDJPY,2005-05-13,106.81,107.41,106.66,107.31,0
USDJPY,2005-05-16,107.39,107.76,106.7,106.85,0
USDJPY,2005-05-17,106.84,107.54,106.55,107.43,0
USDJPY,2005-05-18,107.43,107.76,106.75,107.01,0
USDJPY,2005-05-19,107.03,107.67,106.94,107.6,0
USDJPY,2005-05-20,107.58,108.28,107.34,108.15,0
USDJPY,2005-05-23,108.12,108.27,107.53,107.76,0
USDJPY,2005-05-24,107.75,107.78,107.22,107.59,0
USDJPY,2005-05-25,107.6,107.86,107.26,107.68,0
USDJPY,2005-05-26,107.69,108.25,107.63,108.03,0
USDJPY,2005-05-27,108.02,108.07,107.73,107.98,0
USDJPY,2005-05-30,108.07,108.14,107.73,107.96,0
USDJPY,2005-05-31,107.95,108.56,107.7,108.4,0
USDJPY,2005-06-01,108.41,108.83,108.13,108.66,0
USDJPY,2005-06-02,108.65,108.68,108.1,108.21,0
USDJPY,2005-06-03,108.21,108.27,107.49,107.64,0
USDJPY,2005-06-06,107.75,107.82,106.7,106.87,0
USDJPY,2005-06-07,106.87,107.02,106.49,106.63,0
USDJPY,2005-06-08,106.64,107.37,106.53,107.22,0
USDJPY,2005-06-09,107.22,107.71,107.07,107.48,0
USDJPY,2005-06-10,107.44,108.69,107.31,108.65,0
USDJPY,2005-06-13,108.59,109.66,108.43,109.45,0
USDJPY,2005-06-14,109.45,109.58,109.07,109.4,0
USDJPY,2005-06-15,109.42,109.69,109.12,109.17,0
USDJPY,2005-06-16,109.17,109.38,108.72,108.96,0
USDJPY,2005-06-17,108.96,109.05,108.5,108.53,0
USDJPY,2005-06-20,108.85,109.56,108.61,109.35,0
USDJPY,2005-06-21,109.36,109.47,108.14,108.41,0
USDJPY,2005-06-22,108.4,109.11,108.36,108.76,0
USDJPY,2005-06-23,108.77,108.98,108.4,108.92,0
USDJPY,2005-06-24,108.94,109.36,108.87,108.97,0
USDJPY,2005-06-27,109.18,109.42,109.13,109.28,0
USDJPY,2005-06-28,109.61,110.05,109.54,109.77,0
USDJPY,2005-06-29,110.09,110.6,109.95,110.44,0
USDJPY,2005-06-30,110.22,110.97,110.07,110.86,0
USDJPY,2005-07-01,110.88,111.78,110.64,111.74,0
USDJPY,2005-07-04,111.62,111.67,111.33,111.56,0
USDJPY,2005-07-05,111.55,112.1,111.45,111.55,0
USDJPY,2005-07-06,111.55,112.26,111.45,112.25,0
USDJPY,2005-07-07,112.23,112.31,111.53,112.0,0
USDJPY,2005-07-08,112.0,112.51,111.82,112.26,0
USDJPY,2005-07-11,112.15,112.22,111.64,111.7,0
USDJPY,2005-07-12,111.7,111.78,110.76,110.96,0
USDJPY,2005-07-13,110.95,112.21,110.92,112.01,0
USDJPY,2005-07-14,112.01,112.36,111.63,112.28,0
USDJPY,2005-07-15,112.25,112.36,111.73,112.21,0
USDJPY,2005-07-18,112.24,112.35,111.48,111.89,0
USDJPY,2005-07-19,111.91,112.97,111.84,112.9,0
USDJPY,2005-07-20,112.89,113.64,112.56,112.73,0
USDJPY,2005-07-21,112.74,112.82,109.91,110.43,0
USDJPY,2005-07-22,110.42,111.42,110.38,111.3,0
USDJPY,2005-07-25,111.62,111.95,111.3,111.64,0
USDJPY,2005-07-26,111.63,112.6,111.52,112.51,0
USDJPY,2005-07-27,112.51,112.78,112.13,112.45,0
USDJPY,2005-07-28,112.46,112.84,111.98,112.27,0
USDJPY,2005-07-29,112.29,112.53,111.97,112.44,0
USDJPY,2005-08-01,112.7,112.76,111.72,112.22,0
USDJPY,2005-08-02,112.2,112.25,111.13,111.39,0
USDJPY,2005-08-03,111.41,111.9,110.98,111.1,0
USDJPY,2005-08-04,111.1,111.56,110.77,111.23,0
USDJPY,2005-08-05,111.21,112.18,111.18,111.8,0
USDJPY,2005-08-08,112.28,112.52,111.53,112.08,0
USDJPY,2005-08-09,112.05,112.2,111.66,111.78,0
USDJPY,2005-08-10,111.8,111.82,110.41,110.65,0
USDJPY,2005-08-11,110.65,110.66,109.56,109.7,0
USDJPY,2005-08-12,109.71,109.91,109.31,109.34,0
USDJPY,2005-08-15,109.34,109.76,109.19,109.33,0
USDJPY,2005-08-16,109.32,109.67,109.03,109.6,0
USDJPY,2005-08-17,109.62,110.06,109.39,109.85,0
USDJPY,2005-08-18,109.84,110.65,109.83,110.46,0
USDJPY,2005-08-19,110.46,110.79,110.31,110.44,0
USDJPY,2005-08-22,110.5,110.52,109.4,109.69,0
USDJPY,2005-08-23,109.7,110.16,109.6,109.86,0
USDJPY,2005-08-24,109.86,110.71,109.86,110.23,0
USDJPY,2005-08-25,110.24,110.42,109.75,110.07,0
USDJPY,2005-08-26,110.1,110.36,109.4,110.16,0
USDJPY,2005-08-29,109.93,110.78,109.83,110.67,0
USDJPY,2005-08-30,110.67,111.58,110.47,111.35,0
USDJPY,2005-08-31,111.37,111.73,110.42,110.65,0
USDJPY,2005-09-01,110.63,110.89,109.65,109.89,0
USDJPY,2005-09-02,109.9,110.04,109.23,109.8,0
USDJPY,2005-09-05,109.73,109.77,108.79,109.32,0
USDJPY,2005-09-06,109.34,109.78,109.13,109.61,0
USDJPY,2005-09-07,109.63,110.26,109.41,110.03,0
USDJPY,2005-09-08,110.03,110.6,109.99,110.51,0
USDJPY,2005-09-09,110.49,110.74,109.49,109.62,0
USDJPY,2005-09-12,109.29,110.37,109.16,110.25,0
USDJPY,2005-09-13,110.25,110.97,110.12,110.71,0
USDJPY,2005-09-14,110.7,110.8,109.87,110.47,0
USDJPY,2005-09-15,110.47,110.7,110.16,110.6,0
USDJPY,2005-09-16,110.61,111.45,110.46,111.32,0
USDJPY,2005-09-19,111.4,111.65,111.15,111.47,0
USDJPY,2005-09-20,111.46,112.01,111.13,111.96,0
USDJPY,2005-09-22,111.84,111.86,110.99,111.63,0
USDJPY,2005-09-23,111.62,112.62,111.2,112.48,0
USDJPY,2005-09-26,112.42,112.57,112.08,112.32,0
USDJPY,2005-09-27,112.3,113.48,112.28,113.25,0
USDJPY,2005-09-28,113.25,113.44,112.88,112.91,0
USDJPY,2005-09-29,112.95,113.26,112.64,113.2,0
USDJPY,2005-09-30,113.21,113.68,112.91,113.46,0
USDJPY,2005-10-03,113.64,114.34,113.5,114.25,0
USDJPY,2005-10-04,114.26,114.38,114.01,114.35,0
USDJPY,2005-10-05,114.33,114.38,113.56,114.1,0
USDJPY,2005-10-06,114.09,114.14,113.03,113.34,0
USDJPY,2005-10-07,113.34,113.99,113.24,113.78,0
USDJPY,2005-10-10,113.74,114.28,113.53,114.22,0
USDJPY,2005-10-11,114.24,114.61,113.81,114.55,0
USDJPY,2005-10-12,114.56,114.72,114.2,114.37,0
USDJPY,2005-10-13,114.36,115.06,114.28,114.48,0
USDJPY,2005-10-14,114.48,114.87,113.84,114.05,0
USDJPY,2005-10-17,114.25,115.13,113.77,115.1,0
USDJPY,2005-10-18,115.09,115.92,115.07,115.79,0
USDJPY,2005-10-19,115.77,115.97,115.24,115.52,0
USDJPY,2005-10-20,115.52,115.74,115.25,115.31,0
USDJPY,2005-10-21,115.31,115.96,114.99,115.9,0
USDJPY,2005-10-24,115.84,115.93,115.04,115.47,0
USDJPY,2005-10-25,115.45,115.71,114.6,115.11,0
USDJPY,2005-10-26,115.12,115.92,114.89,115.91,0
USDJPY,2005-10-27,115.91,116.18,114.85,115.36,0
USDJPY,2005-10-28,115.32,115.7,115.09,115.57,0
USDJPY,2005-10-31,115.73,116.65,115.53,116.44,0
USDJPY,2005-11-01,116.44,116.82,116.4,116.76,0
USDJPY,2005-11-02,116.77,116.97,116.55,116.8,0
USDJPY,2005-11-03,116.8,117.38,116.79,117.22,0
USDJPY,2005-11-04,117.26,118.36,117.24,118.31,0
USDJPY,2005-11-07,118.23,118.24,117.46,117.62,0
USDJPY,2005-11-08,117.62,117.95,117.08,117.4,0
USDJPY,2005-11-09,117.37,117.76,116.84,117.74,0
USDJPY,2005-11-10,117.76,118.25,117.47,117.96,0
USDJPY,2005-11-11,117.99,118.18,117.6,118.04,0
USDJPY,2005-11-14,117.92,118.89,117.84,118.79,0
USDJPY,2005-11-15,118.8,119.39,118.72,118.85,0
USDJPY,2005-11-16,118.86,119.54,118.83,119.1,0
USDJPY,2005-11-17,119.1,119.14,118.47,118.81,0
USDJPY,2005-11-18,118.81,119.36,118.73,119.09,0
USDJPY,2005-11-21,119.18,119.41,118.53,119.08,0
USDJPY,2005-11-22,119.08,119.47,118.64,118.86,0
USDJPY,2005-11-23,118.88,118.98,118.23,118.76,0
USDJPY,2005-11-24,118.75,119.14,118.56,119.11,0
USDJPY,2005-11-25,119.14,119.68,119.12,119.64,0
USDJPY,2005-11-28,119.72,119.92,118.39,118.9,0
USDJPY,2005-11-29,118.89,119.77,118.78,119.75,0
USDJPY,2005-11-30,119.76,119.83,119.24,119.72,0
USDJPY,2005-12-01,119.7,120.69,119.67,120.41,0
USDJPY,2005-12-02,120.42,121.16,120.16,120.45,0
USDJPY,2005-12-05,121.03,121.37,120.7,120.84,0
USDJPY,2005-12-06,120.85,121.24,120.58,120.68,0
USDJPY,2005-12-07,120.67,121.14,120.67,121.03,0
USDJPY,2005-12-08,121.03,121.03,119.98,120.39,0
USDJPY,2005-12-09,120.4,120.71,120.31,120.64,0
USDJPY,2005-12-12,120.82,121.01,119.52,119.9,0
USDJPY,2005-12-13,119.93,120.42,119.68,120.04,0
USDJPY,2005-12-14,120.04,120.07,116.71,117.55,0
USDJPY,2005-12-15,117.53,117.65,115.84,116.32,0
USDJPY,2005-12-16,116.31,116.48,115.57,115.64,0
USDJPY,2005-12-19,115.57,116.53,115.51,116.05,0
USDJPY,2005-12-20,116.06,117.31,115.96,117.24,0
USDJPY,2005-12-21,117.25,117.48,116.78,117.48,0
USDJPY,2005-12-22,117.48,117.63,116.42,116.67,0
USDJPY,2005-12-23,116.68,116.85,116.13,116.36,0
USDJPY,2005-12-26,116.25,116.55,116.05,116.6,0
USDJPY,2005-12-27,116.62,117.46,116.62,117.32,0
USDJPY,2005-12-28,117.34,117.93,116.99,117.72,0
USDJPY,2005-12-29,117.72,117.97,117.69,117.81,0
USDJPY,2005-12-30,117.82,118.16,117.1,117.98,0
USDJPY,2006-01-02,117.87,118.01,117.54,117.8,0
USDJPY,2006-01-03,117.8,117.86,115.84,115.98,0
USDJPY,2006-01-04,116.01,116.43,115.61,116.22,0
USDJPY,2006-01-05,116.2,116.44,115.76,116.0,0
USDJPY,2006-01-06,116.0,116.27,114.23,114.39,0
USDJPY,2006-01-09,114.49,114.72,113.76,114.54,0
USDJPY,2006-01-10,114.53,114.76,114.11,114.45,0
USDJPY,2006-01-11,114.45,114.86,113.92,114.28,0
USDJPY,2006-01-12,114.26,114.67,113.49,114.63,0
USDJPY,2006-01-13,114.65,114.75,114.14,114.22,0
USDJPY,2006-01-16,113.9,115.19,113.84,115.12,0
USDJPY,2006-01-17,115.12,115.9,114.61,115.585,0
USDJPY,2006-01-18,115.605,115.88,114.82,115.26,0
USDJPY,2006-01-19,115.24,115.56,114.92,115.5,0
USDJPY,2006-01-20,115.5,115.65,114.97,115.27,0
USDJPY,2006-01-23,115.17,115.26,114.15,114.47,0
USDJPY,2006-01-24,114.44,115.12,114.37,115.04,0
USDJPY,2006-01-25,115.05,115.88,114.63,115.77,0
USDJPY,2006-01-26,115.76,116.55,115.49,116.29,0
USDJPY,2006-01-27,116.315,117.4,116.11,117.4,0
USDJPY,2006-01-30,117.03,117.8,117.02,117.62,0
USDJPY,2006-01-31,117.65,117.77,116.69,117.31,0
USDJPY,2006-02-01,117.32,118.145,117.07,117.97,0
USDJPY,2006-02-02,117.955,118.63,117.85,118.515,0
USDJPY,2006-02-03,118.48,119.35,118.31,118.89,0
USDJPY,2006-02-06,118.83,119.12,118.49,119.07,0
USDJPY,2006-02-07,119.085,119.155,117.54,117.73,0
USDJPY,2006-02-08,117.74,118.76,117.63,118.49,0
USDJPY,2006-02-09,118.48,118.9,118.32,118.71,0
USDJPY,2006-02-10,118.71,118.885,116.91,117.83,0
USDJPY,2006-02-13,117.68,118.24,117.41,117.53,0
USDJPY,2006-02-14,117.51,117.68,117.12,117.6,0
USDJPY,2006-02-15,117.56,118.06,116.8,117.94,0
USDJPY,2006-02-16,117.94,118.23,117.36,117.46,0
USDJPY,2006-02-17,117.48,118.85,117.465,118.14,0
USDJPY,2006-02-20,118.06,118.34,117.92,118.36,0
USDJPY,2006-02-21,118.35,118.97,118.35,118.785,0
USDJPY,2006-02-22,118.81,118.88,118.28,118.41,0
USDJPY,2006-02-23,118.42,118.47,116.83,117.07,0
USDJPY,2006-02-24,117.08,117.08,116.48,116.84,0
USDJPY,2006-02-27,117.03,117.04,115.81,116.21,0
USDJPY,2006-02-28,116.21,116.45,115.48,115.79,0
USDJPY,2006-03-01,115.78,116.31,115.61,116.06,0
USDJPY,2006-03-02,116.05,116.38,115.62,115.84,0
USDJPY,2006-03-03,115.84,116.7,115.81,116.41,0
USDJPY,2006-03-06,116.095,117.665,116.08,117.59,0
USDJPY,2006-03-07,117.56,117.97,117.35,117.77,0
USDJPY,2006-03-08,117.77,118.0,117.32,117.82,0
USDJPY,2006-03-09,117.8,118.33,117.1,118.2,0
USDJPY,2006-03-10,118.2,119.12,118.02,119.0,0
USDJPY,2006-03-13,118.98,119.18,118.57,118.66,0
USDJPY,2006-03-14,118.67,118.74,117.24,117.68,0
USDJPY,2006-03-15,117.67,117.77,117.16,117.52,0
USDJPY,2006-03-16,117.53,117.885,116.77,116.88,0
USDJPY,2006-03-17,116.88,116.88,115.74,115.91,0
USDJPY,2006-03-20,116.09,116.47,115.52,116.37,0
USDJPY,2006-03-21,116.36,117.32,116.25,117.22,0
USDJPY,2006-03-22,117.25,117.38,116.58,116.87,0
USDJPY,2006-03-23,116.88,117.94,116.75,117.83,0
USDJPY,2006-03-24,117.83,118.47,117.39,117.45,0
USDJPY,2006-03-27,117.58,117.61,116.39,116.73,0
USDJPY,2006-03-28,116.74,118.03,116.28,117.76,0
USDJPY,2006-03-29,117.79,118.19,117.5,117.77,0
USDJPY,2006-03-30,117.76,117.92,117.16,117.31,0
USDJPY,2006-03-31,117.31,118.12,117.24,117.76,0
USDJPY,2006-04-03,117.68,118.76,117.62,117.8,0
USDJPY,2006-04-04,117.79,117.93,117.23,117.44,0
USDJPY,2006-04-05,117.42,117.74,116.69,117.44,0
USDJPY,2006-04-06,117.46,117.94,117.28,117.78,0
USDJPY,2006-04-07,117.8,118.39,117.47,118.24,0
USDJPY,2006-04-10,118.12,118.685,117.905,118.41,0
USDJPY,2006-04-11,118.42,118.87,118.16,118.21,0
USDJPY,2006-04-12,118.22,118.58,117.81,118.41,0
USDJPY,2006-04-13,118.42,118.81,118.31,118.54,0
USDJPY,2006-04-14,118.55,118.72,118.53,118.68,0
USDJPY,2006-04-17,118.49,118.5,117.54,117.81,0
USDJPY,2006-04-18,117.82,118.17,116.84,116.88,0
USDJPY,2006-04-19,116.87,117.91,116.74,117.36,0
USDJPY,2006-04-20,117.34,117.775,117.3,117.41,0
USDJPY,2006-04-21,117.43,117.73,116.51,116.58,0
USDJPY,2006-04-24,115.72,115.92,114.23,114.6,0
USDJPY,2006-04-25,114.6,114.98,114.31,114.91,0
USDJPY,2006-04-26,114.9,115.31,114.62,114.76,0
USDJPY,2006-04-27,114.76,115.02,113.81,114.18,0
USDJPY,2006-04-28,114.19,114.43,113.64,113.82,0
USDJPY,2006-05-01,113.7,113.805,112.41,113.55,0
USDJPY,2006-05-02,113.565,113.97,113.1,113.36,0
USDJPY,2006-05-03,113.36,113.8,112.88,113.79,0
USDJPY,2006-05-04,113.79,114.155,113.25,113.585,0
USDJPY,2006-05-05,113.56,113.985,112.27,112.56,0
USDJPY,2006-05-08,112.07,112.18,110.99,111.68,0
USDJPY,2006-05-09,111.685,111.9,110.92,111.01,0
USDJPY,2006-05-10,111.01,111.22,110.09,110.83,0
USDJPY,2006-05-11,110.84,111.47,110.11,110.42,0
USDJPY,2006-05-12,110.42,110.55,109.33,109.97,0
USDJPY,2006-05-15,109.49,110.72,109.34,110.7,0
USDJPY,2006-05-16,110.68,110.84,109.61,109.76,0
USDJPY,2006-05-17,109.77,111.24,109.0,110.91,0
USDJPY,2006-05-18,110.92,111.22,110.36,110.9,0
USDJPY,2006-05-19,110.91,112.16,110.44,111.66,0
USDJPY,2006-05-22,111.6,112.92,111.29,111.46,0
USDJPY,2006-05-23,111.46,112.38,110.98,112.14,0
USDJPY,2006-05-24,112.13,112.94,111.64,112.74,0
USDJPY,2006-05-25,112.74,112.84,111.63,111.76,0
USDJPY,2006-05-26,111.75,112.75,111.48,112.65,0
USDJPY,2006-05-29,112.41,112.67,112.13,112.56,0
USDJPY,2006-05-30,112.55,112.76,111.63,112.15,0
USDJPY,2006-05-31,112.145,112.66,111.55,112.53,0
USDJPY,2006-06-01,112.55,113.33,112.37,112.48,0
USDJPY,2006-06-02,112.47,112.91,111.34,111.73,0
USDJPY,2006-06-05,111.63,112.34,111.5,112.34,0
USDJPY,2006-06-06,112.35,113.51,112.07,113.215,0
USDJPY,2006-06-07,113.21,113.675,112.91,113.43,0
USDJPY,2006-06-08,113.41,114.64,113.36,113.935,0
USDJPY,2006-06-09,113.94,114.28,113.6,113.96,0
USDJPY,2006-06-12,114.2,114.49,113.95,114.38,0
USDJPY,2006-06-13,114.39,115.41,114.26,115.24,0
USDJPY,2006-06-14,115.24,115.36,114.48,114.86,0
USDJPY,2006-06-15,114.865,115.13,114.65,114.715,0
USDJPY,2006-06-16,114.71,115.18,114.55,115.14,0
USDJPY,2006-06-19,115.35,115.74,115.15,115.38,0
USDJPY,2006-06-20,115.39,115.6,114.6,114.9,0
USDJPY,2006-06-21,114.91,115.19,114.42,114.835,0
USDJPY,2006-06-22,114.85,116.27,114.67,116.08,0
USDJPY,2006-06-23,116.05,116.58,115.75,116.54,0
USDJPY,2006-06-26,116.43,116.54,116.09,116.22,0
USDJPY,2006-06-27,116.22,116.685,115.87,116.32,0
USDJPY,2006-06-28,116.31,116.48,116.06,116.4,0
USDJPY,2006-06-29,116.41,116.61,114.82,115.15,0
USDJPY,2006-06-30,115.15,115.19,114.18,114.49,0
USDJPY,2006-07-03,114.3,114.93,114.1,114.75,0
USDJPY,2006-07-04,114.74,115.16,114.39,115.095,0
USDJPY,2006-07-05,115.08,115.77,114.6,115.57,0
USDJPY,2006-07-06,115.57,115.665,114.9,115.26,0
USDJPY,2006-07-07,115.25,115.28,113.82,113.96,0
USDJPY,2006-07-10,114.0,114.31,113.45,114.3,0
USDJPY,2006-07-11,114.32,114.59,113.92,114.3,0
USDJPY,2006-07-12,114.27,115.71,114.17,115.31,0
USDJPY,2006-07-13,115.3,115.49,115.0,115.34,0
USDJPY,2006-07-14,115.34,116.38,115.33,116.08,0
USDJPY,2006-07-17,116.25,117.265,116.14,117.08,0
USDJPY,2006-07-18,117.08,117.56,116.71,117.33,0
USDJPY,2006-07-19,117.32,117.85,116.64,116.83,0
USDJPY,2006-07-20,116.82,117.11,116.565,116.96,0
USDJPY,2006-07-21,116.96,117.0,115.8,116.12,0
USDJPY,2006-07-24,116.2,116.9,116.19,116.75,0
USDJPY,2006-07-25,116.74,117.38,116.54,117.15,0
USDJPY,2006-07-26,117.14,117.17,116.19,116.35,0
USDJPY,2006-07-27,116.36,116.38,115.29,115.75,0
USDJPY,2006-07-28,115.76,115.97,114.59,114.74,0
USDJPY,2006-07-31,114.8,114.83,114.15,114.51,0
USDJPY,2006-08-01,114.51,115.35,114.48,114.56,0
USDJPY,2006-08-02,114.57,114.84,114.21,114.56,0
USDJPY,2006-08-03,114.57,115.29,114.54,115.04,0
USDJPY,2006-08-04,115.05,115.52,114.005,114.48,0
USDJPY,2006-08-07,114.29,115.21,114.16,115.11,0
USDJPY,2006-08-08,115.11,115.71,114.6,115.69,0
USDJPY,2006-08-09,115.7,115.72,114.82,115.36,0
USDJPY,2006-08-10,115.365,115.6,114.68,115.16,0
USDJPY,2006-08-11,115.16,116.41,115.16,116.28,0
USDJPY,2006-08-14,116.2,116.73,116.16,116.6,0
USDJPY,2006-08-15,116.58,116.695,115.84,115.94,0
USDJPY,2006-08-16,115.97,116.35,115.64,115.875,0
USDJPY,2006-08-17,115.88,116.14,115.18,115.9,0
USDJPY,2006-08-18,115.92,116.07,115.45,115.77,0
USDJPY,2006-08-21,115.7,116.06,115.41,115.97,0
USDJPY,2006-08-22,115.97,116.83,115.9,116.47,0
USDJPY,2006-08-23,116.48,116.62,116.09,116.39,0
USDJPY,2006-08-24,116.35,116.58,116.22,116.46,0
USDJPY,2006-08-25,116.445,117.39,116.43,117.26,0
USDJPY,2006-08-28,117.27,117.32,116.86,117.17,0
USDJPY,2006-08-29,117.17,117.2,116.52,116.705,0
USDJPY,2006-08-30,116.7,117.27,116.65,117.02,0
USDJPY,2006-08-31,117.01,117.47,116.95,117.36,0
USDJPY,2006-09-01,117.36,117.47,116.93,117.06,0
USDJPY,2006-09-04,116.92,116.97,115.86,116.17,0
USDJPY,2006-09-05,116.16,116.19,115.58,116.17,0
USDJPY,2006-09-06,116.18,116.87,115.97,116.56,0
USDJPY,2006-09-07,116.54,117.01,115.98,116.44,0
USDJPY,2006-09-08,116.44,116.99,116.1,116.95,0
USDJPY,2006-09-11,116.96,117.76,116.6,117.55,0
USDJPY,2006-09-12,117.55,118.1,117.43,117.82,0
USDJPY,2006-09-13,117.84,118.0,117.37,117.45,0
USDJPY,2006-09-14,117.49,117.76,117.32,117.57,0
USDJPY,2006-09-15,117.57,118.09,117.37,117.47,0
USDJPY,2006-09-18,117.73,118.27,117.68,117.89,0
USDJPY,2006-09-19,117.88,118.07,116.99,117.6,0
USDJPY,2006-09-20,117.6,117.64,116.97,117.46,0
USDJPY,2006-09-21,117.44,117.46,116.23,116.36,0
USDJPY,2006-09-22,116.36,116.7,116.08,116.7,0
USDJPY,2006-09-25,116.52,116.725,116.11,116.475,0
USDJPY,2006-09-26,116.465,117.22,116.27,117.14,0
USDJPY,2006-09-27,117.14,117.63,116.89,117.44,0
USDJPY,2006-09-28,117.44,117.92,117.32,117.73,0
USDJPY,2006-09-29,117.74,118.18,117.55,117.96,0
USDJPY,2006-10-02,118.08,118.37,117.52,117.66,0
USDJPY,2006-10-03,117.67,118.15,117.38,118.05,0
USDJPY,2006-10-04,118.05,118.25,117.76,117.82,0
USDJPY,2006-10-05,117.81,117.86,117.42,117.85,0
USDJPY,2006-10-06,117.855,119.07,117.76,119.01,0
USDJPY,2006-10-09,118.96,119.28,118.81,118.99,0
USDJPY,2006-10-10,118.99,119.755,118.89,119.67,0
USDJPY,2006-10-11,119.67,119.8,119.33,119.74,0
USDJPY,2006-10-12,119.73,119.77,119.26,119.38,0
USDJPY,2006-10-13,119.37,119.86,119.09,119.6,0
USDJPY,2006-10-16,119.74,119.78,118.97,118.96,0
USDJPY,2006-10-17,118.96,119.12,118.36,118.59,0
USDJPY,2006-10-18,118.61,119.16,118.31,118.92,0
USDJPY,2006-10-19,118.94,119.0,118.04,118.28,0
USDJPY,2006-10-20,118.28,118.78,118.16,118.72,0
USDJPY,2006-10-23,118.62,119.38,118.57,119.3,0
USDJPY,2006-10-24,119.32,119.63,119.115,119.34,0
USDJPY,2006-10-25,119.4,119.4,118.91,118.94,0
USDJPY,2006-10-26,118.97,118.99,118.27,118.38,0
USDJPY,2006-10-27,118.37,118.7,117.255,117.58,0
USDJPY,2006-10-30,117.52,117.63,117.205,117.61,0
USDJPY,2006-10-31,117.61,118.03,116.63,116.79,0
USDJPY,2006-11-01,116.8,117.26,116.61,117.22,0
USDJPY,2006-11-02,117.21,117.35,116.69,117.1,0
USDJPY,2006-11-03,117.12,118.18,116.99,117.98,0
USDJPY,2006-11-06,117.895,118.45,117.85,118.17,0
USDJPY,2006-11-07,118.18,118.24,117.27,117.59,0
USDJPY,2006-11-08,117.58,117.98,117.38,117.83,0
USDJPY,2006-11-09,117.81,118.59,117.71,117.79,0
USDJPY,2006-11-10,117.795,117.86,117.25,117.52,0
USDJPY,2006-11-13,117.54,118.26,117.14,117.63,0
USDJPY,2006-11-14,117.63,117.92,117.26,117.63,0
USDJPY,2006-11-15,117.64,118.17,117.55,117.88,0
USDJPY,2006-11-16,117.9,118.26,117.74,118.22,0
USDJPY,2006-11-17,118.24,118.44,117.52,117.54,0
USDJPY,2006-11-20,117.875,118.18,117.76,118.04,0
USDJPY,2006-11-21,118.07,118.22,117.73,117.86,0
USDJPY,2006-11-22,117.84,117.87,116.34,116.76,0
USDJPY,2006-11-23,117.84,117.87,116.04,116.28,0
USDJPY,2006-11-24,116.27,116.47,115.59,115.89,0
USDJPY,2006-11-27,115.49,116.34,115.48,116.11,0
USDJPY,2006-11-28,116.07,116.38,115.9,116.05,0
USDJPY,2006-11-29,116.03,116.43,115.59,116.43,0
USDJPY,2006-11-30,116.4,116.5,115.51,115.68,0
USDJPY,2006-12-01,115.65,116.365,114.98,115.23,0
USDJPY,2006-12-04,115.23,115.76,115.19,115.37,0
USDJPY,2006-12-05,115.36,115.42,114.46,114.95,0
USDJPY,2006-12-06,114.945,115.35,114.51,115.32,0
USDJPY,2006-12-07,115.32,115.34,114.77,115.14,0
USDJPY,2006-12-08,115.175,116.47,114.92,116.29,0
USDJPY,2006-12-11,116.28,117.22,116.26,116.76,0
USDJPY,2006-12-12,116.78,117.18,116.66,116.7,0
USDJPY,2006-12-13,116.7,117.64,116.7,117.4,0
USDJPY,2006-12-14,117.41,117.86,117.27,117.76,0
USDJPY,2006-12-15,117.815,118.295,117.49,118.15,0
USDJPY,2006-12-18,118.035,118.26,117.69,118.05,0
USDJPY,2006-12-19,118.06,118.27,117.82,118.01,0
USDJPY,2006-12-20,118.01,118.49,117.94,118.34,0
USDJPY,2006-12-21,118.325,118.48,117.95,118.29,0
USDJPY,2006-12-22,118.28,118.99,118.21,118.99,0
USDJPY,2006-12-25,118.75,118.95,118.68,118.84,0
USDJPY,2006-12-26,118.84,119.2,118.81,119.12,0
USDJPY,2006-12-27,119.11,119.13,118.29,118.77,0
USDJPY,2006-12-28,118.78,119.01,118.51,118.895,0
USDJPY,2006-12-29,118.9,119.14,118.74,118.98,0
USDJPY,2007-01-01,119.04,119.08,118.85,118.88,0
USDJPY,2007-01-02,118.91,118.92,118.49,118.83,0
USDJPY,2007-01-03,118.84,119.66,118.66,119.34,0
USDJPY,2007-01-04,119.34,119.49,118.74,118.83,0
USDJPY,2007-01-05,118.81,119.0,117.995,118.69,0
USDJPY,2007-01-08,118.58,118.82,118.13,118.69,0
USDJPY,2007-01-09,118.7,119.52,118.695,119.3,0
USDJPY,2007-01-10,119.3,119.77,119.14,119.51,0
USDJPY,2007-01-11,119.53,120.62,119.49,120.3,0
USDJPY,2007-01-12,120.325,120.69,120.19,120.3,0
USDJPY,2007-01-15,120.26,120.59,120.06,120.42,0
USDJPY,2007-01-16,120.44,120.83,120.22,120.79,0
USDJPY,2007-01-17,120.79,120.86,120.35,120.62,0
USDJPY,2007-01-18,120.615,121.56,120.47,121.26,0
USDJPY,2007-01-19,121.27,121.465,121.07,121.21,0
USDJPY,2007-01-22,121.32,121.78,121.27,121.62,0
USDJPY,2007-01-23,121.62,121.735,121.1,121.68,0
USDJPY,2007-01-24,121.66,121.77,120.66,120.88,0
USDJPY,2007-01-25,120.88,121.62,120.275,121.62,0
USDJPY,2007-01-26,121.59,121.63,121.25,121.41,0
USDJPY,2007-01-29,121.49,122.09,121.49,121.73,0
USDJPY,2007-01-30,121.7,121.98,121.46,121.68,0
USDJPY,2007-01-31,121.67,121.715,120.63,120.74,0
USDJPY,2007-02-01,120.76,120.88,120.15,120.8,0
USDJPY,2007-02-02,120.81,121.31,120.65,121.13,0
USDJPY,2007-02-05,120.995,121.04,120.1,120.19,0
USDJPY,2007-02-06,120.18,120.52,119.99,120.05,0
USDJPY,2007-02-07,120.0,120.8,120.0,120.585,0
USDJPY,2007-02-08,120.59,121.42,120.57,121.13,0
USDJPY,2007-02-09,121.15,122.55,121.05,121.71,0
USDJPY,2007-02-12,121.84,122.04,121.58,121.77,0
USDJPY,2007-02-13,121.775,121.775,121.06,121.27,0
USDJPY,2007-02-14,121.27,121.35,120.25,120.31,0
USDJPY,2007-02-15,120.32,120.36,119.15,119.39,0
USDJPY,2007-02-16,119.37,119.54,118.99,119.41,0
USDJPY,2007-02-19,119.35,119.71,119.32,119.69,0
USDJPY,2007-02-20,119.69,120.335,119.58,120.015,0
USDJPY,2007-02-21,120.02,121.16,119.75,120.94,0
USDJPY,2007-02-22,120.95,121.62,120.92,121.49,0
USDJPY,2007-02-23,121.47,121.62,120.92,121.09,0
USDJPY,2007-02-26,120.96,120.99,120.35,120.64,0
USDJPY,2007-02-27,120.62,120.635,117.62,118.09,0
USDJPY,2007-02-28,118.1,118.79,117.98,118.73,0
USDJPY,2007-03-01,118.75,118.85,117.04,117.72,0
USDJPY,2007-03-02,117.7,117.805,116.42,117.19,0
USDJPY,2007-03-05,116.06,116.23,115.15,115.59,0
USDJPY,2007-03-06,115.595,116.88,115.595,116.78,0
USDJPY,2007-03-07,116.775,116.81,115.55,115.69,0
USDJPY,2007-03-08,115.68,117.45,115.62,117.15,0
USDJPY,2007-03-09,117.16,118.33,117.16,118.32,0
USDJPY,2007-03-12,118.195,118.48,117.21,117.57,0
USDJPY,2007-03-13,117.57,117.74,115.89,116.02,0
USDJPY,2007-03-14,116.015,117.41,115.76,117.26,0
USDJPY,2007-03-15,117.255,117.76,117.03,117.15,0
USDJPY,2007-03-16,117.12,117.22,115.48,116.74,0
USDJPY,2007-03-19,116.39,117.74,116.39,117.61,0
USDJPY,2007-03-20,117.61,117.965,116.98,117.25,0
USDJPY,2007-03-21,117.235,117.94,117.18,117.41,0
USDJPY,2007-03-22,117.39,118.29,117.26,118.09,0
USDJPY,2007-03-23,118.09,118.23,117.4,118.05,0
USDJPY,2007-03-26,118.056,118.411,117.65,118.12,0
USDJPY,2007-03-27,118.11,118.37,117.68,117.75,0
USDJPY,2007-03-28,117.74,117.98,116.38,116.87,0
USDJPY,2007-03-29,116.83,118.09,116.73,117.98,0
USDJPY,2007-03-30,117.98,118.38,117.27,117.81,0
USDJPY,2007-04-02,117.73,118.02,117.51,117.76,0
USDJPY,2007-04-03,117.76,118.97,117.72,118.87,0
USDJPY,2007-04-04,118.861,119.07,118.56,118.77,0
USDJPY,2007-04-05,118.77,118.96,118.48,118.692,0
USDJPY,2007-04-06,118.68,119.38,118.66,119.07,0
USDJPY,2007-04-09,119.329,119.38,119.18,119.22,0
USDJPY,2007-04-10,119.22,119.3,118.785,119.12,0
USDJPY,2007-04-11,119.137,119.49,118.88,119.29,0
USDJPY,2007-04-12,119.3,119.47,118.818,119.0,0
USDJPY,2007-04-13,119.01,119.443,118.21,119.23,0
USDJPY,2007-04-16,119.5,119.86,119.01,119.76,0
USDJPY,2007-04-17,119.79,119.81,118.81,118.95,0
USDJPY,2007-04-18,118.98,119.0,118.13,118.45,0
USDJPY,2007-04-19,118.45,118.54,117.66,118.25,0
USDJPY,2007-04-20,118.26,118.944,118.25,118.66,0
USDJPY,2007-04-23,118.76,118.98,118.24,118.57,0
USDJPY,2007-04-24,118.57,118.911,118.24,118.48,0
USDJPY,2007-04-25,118.48,118.827,118.29,118.68,0
USDJPY,2007-04-26,118.66,119.63,118.52,119.53,0
USDJPY,2007-04-27,119.54,119.74,118.969,119.48,0
USDJPY,2007-04-30,119.35,119.73,119.29,119.36,0
USDJPY,2007-05-01,119.36,119.875,119.103,119.8,0
USDJPY,2007-05-02,119.78,120.24,119.66,120.16,0
USDJPY,2007-05-03,120.17,120.44,119.97,120.36,0
USDJPY,2007-05-04,120.37,120.43,119.93,120.27,0
USDJPY,2007-05-07,120.025,120.125,119.78,120.05,0
USDJPY,2007-05-08,120.05,120.13,119.53,119.99,0
USDJPY,2007-05-09,119.98,120.121,119.64,120.11,0
USDJPY,2007-05-10,120.13,120.51,119.71,119.84,0
USDJPY,2007-05-11,119.85,120.26,119.53,120.19,0
USDJPY,2007-05-14,120.16,120.44,120.04,120.32,0
USDJPY,2007-05-15,120.34,120.56,120.12,120.22,0
USDJPY,2007-05-16,120.235,120.83,120.16,120.72,0
USDJPY,2007-05-17,120.74,121.34,120.67,121.291,0
USDJPY,2007-05-18,121.29,121.37,120.74,121.06,0
USDJPY,2007-05-21,121.11,121.614,121.09,121.47,0
USDJPY,2007-05-22,121.48,121.615,121.22,121.64,0
USDJPY,2007-05-23,121.63,121.85,121.345,121.52,0
USDJPY,2007-05-24,121.53,121.665,121.26,121.358,0
USDJPY,2007-05-25,121.355,121.85,120.88,121.76,0
USDJPY,2007-05-28,121.76,121.805,121.61,121.7,0
USDJPY,2007-05-29,121.71,121.8,121.18,121.59,0
USDJPY,2007-05-30,121.6,121.76,121.33,121.59,0
USDJPY,2007-05-31,121.6,121.96,121.45,121.75,0
USDJPY,2007-06-01,121.755,122.15,121.67,122.13,0
USDJPY,2007-06-04,122.05,122.09,121.55,121.72,0
USDJPY,2007-06-05,121.73,121.91,121.12,121.34,0
USDJPY,2007-06-06,121.347,121.48,120.89,121.01,0
USDJPY,2007-06-07,121.01,121.52,120.78,120.88,0
USDJPY,2007-06-08,120.87,121.82,120.78,121.71,0
USDJPY,2007-06-11,121.67,121.83,121.51,121.76,0
USDJPY,2007-06-12,121.74,121.84,121.59,121.62,0
USDJPY,2007-06-13,121.62,122.75,121.49,122.57,0
USDJPY,2007-06-14,122.58,123.1,122.53,122.955,0
USDJPY,2007-06-15,122.952,123.655,122.91,123.4,0
USDJPY,2007-06-18,123.51,123.73,123.31,123.68,0
USDJPY,2007-06-19,123.68,123.718,123.32,123.42,0
USDJPY,2007-06-20,123.41,123.67,123.1,123.47,0
USDJPY,2007-06-21,123.46,123.74,123.44,123.74,0
USDJPY,2007-06-22,123.74,124.12,123.69,123.69,0
USDJPY,2007-06-25,123.88,123.93,123.31,123.58,0
USDJPY,2007-06-26,123.57,123.6,122.79,123.04,0
USDJPY,2007-06-27,123.05,123.2,122.23,123.15,0
USDJPY,2007-06-28,123.18,123.322,122.81,123.16,0
USDJPY,2007-06-29,123.16,123.514,122.95,123.16,0
USDJPY,2007-07-02,123.1,123.27,122.1,122.23,0
USDJPY,2007-07-03,122.23,122.66,122.14,122.47,0
USDJPY,2007-07-04,122.47,122.73,122.233,122.66,0
USDJPY,2007-07-05,122.65,123.0,122.34,122.95,0
USDJPY,2007-07-06,122.95,123.52,122.85,123.36,0
USDJPY,2007-07-09,123.44,123.66,123.225,123.37,0
USDJPY,2007-07-10,123.38,123.44,120.99,121.29,0
USDJPY,2007-07-11,121.31,122.5,121.086,122.27,0
USDJPY,2007-07-12,122.28,122.54,121.83,122.4,0
USDJPY,2007-07-13,122.39,122.58,121.9,121.9,0
USDJPY,2007-07-16,122.097,122.18,121.55,121.8,0
USDJPY,2007-07-17,121.8,122.4,121.71,122.0,0
USDJPY,2007-07-18,122.01,122.26,121.6,121.9,0
USDJPY,2007-07-19,121.91,122.15,121.78,122.109,0
USDJPY,2007-07-20,122.12,122.41,121.004,121.27,0
USDJPY,2007-07-23,121.34,121.42,120.81,121.05,0
USDJPY,2007-07-24,121.07,121.07,119.99,120.11,0
USDJPY,2007-07-25,120.22,120.63,119.84,120.46,0
USDJPY,2007-07-26,120.44,120.69,118.08,118.46,0
USDJPY,2007-07-27,118.48,119.25,118.41,118.96,0
USDJPY,2007-07-30,118.33,119.24,118.09,119.15,0
USDJPY,2007-07-31,119.15,119.48,118.34,118.42,0
USDJPY,2007-08-01,118.44,119.11,117.64,118.98,0
USDJPY,2007-08-02,119.01,119.33,118.34,119.14,0
USDJPY,2007-08-03,119.14,119.3,117.84,118.04,0
USDJPY,2007-08-06,117.57,119.08,117.4,118.82,0
USDJPY,2007-08-07,118.805,118.93,118.02,118.8,0
USDJPY,2007-08-08,118.79,119.81,118.73,119.69,0
USDJPY,2007-08-09,119.68,119.76,118.11,118.29,0
USDJPY,2007-08-10,118.276,118.59,117.04,118.51,0
USDJPY,2007-08-13,118.36,118.49,117.77,118.21,0
USDJPY,2007-08-14,118.19,118.49,117.38,117.42,0
USDJPY,2007-08-15,117.43,117.61,116.23,116.32,0
USDJPY,2007-08-16,116.33,116.65,112.0,114.06,0
USDJPY,2007-08-17,114.04,114.86,111.8,114.25,0
USDJPY,2007-08-20,113.82,115.44,113.66,114.84,0
USDJPY,2007-08-21,114.85,115.19,113.98,114.15,0
USDJPY,2007-08-22,114.13,115.63,114.12,115.62,0
USDJPY,2007-08-23,115.62,117.07,115.6,116.02,0
USDJPY,2007-08-24,116.015,116.45,115.53,116.38,0
USDJPY,2007-08-27,116.69,116.73,115.39,115.55,0
USDJPY,2007-08-28,115.57,115.735,114.12,114.34,0
USDJPY,2007-08-29,114.32,116.21,113.9,115.84,0
USDJPY,2007-08-30,115.83,116.01,115.23,115.94,0
USDJPY,2007-08-31,115.94,116.56,115.53,115.77,0
USDJPY,2007-09-03,115.88,116.09,115.65,115.78,0
USDJPY,2007-09-04,115.8,116.38,115.33,116.24,0
USDJPY,2007-09-05,116.23,116.45,115.02,115.12,0
USDJPY,2007-09-06,115.13,115.52,114.81,115.39,0
USDJPY,2007-09-07,115.41,115.56,113.15,113.39,0
USDJPY,2007-09-11,113.53,114.36,113.4,114.26,0
USDJPY,2007-09-12,114.22,114.37,113.78,114.12,0
USDJPY,2007-09-13,114.12,115.46,114.12,114.59,0
USDJPY,2007-09-14,114.61,115.37,114.4,115.26,0
USDJPY,2007-09-17,115.18,115.36,114.65,115.03,0
USDJPY,2007-09-18,115.02,116.3,114.78,115.91,0
USDJPY,2007-09-19,115.9,116.28,115.7,116.01,0
USDJPY,2007-09-20,116.0,116.01,114.08,114.64,0
USDJPY,2007-09-21,114.66,115.827,114.64,115.48,0
USDJPY,2007-09-24,115.319,115.33,114.67,114.86,0
USDJPY,2007-09-25,114.88,114.95,114.04,114.66,0
USDJPY,2007-09-26,114.696,115.706,114.54,115.44,0
USDJPY,2007-09-27,115.43,115.84,115.12,115.55,0
USDJPY,2007-09-28,115.54,115.595,114.69,114.74,0
USDJPY,2007-10-01,114.82,115.981,114.76,115.8,0
USDJPY,2007-10-02,115.8,115.97,115.29,115.71,0
USDJPY,2007-10-03,115.7,116.77,115.56,116.56,0
USDJPY,2007-10-04,116.56,116.75,116.27,116.41,0
USDJPY,2007-10-05,116.41,117.115,116.36,116.88,0
USDJPY,2007-10-08,116.95,117.57,116.94,117.32,0
USDJPY,2007-10-09,117.31,117.44,116.77,117.19,0
USDJPY,2007-10-10,117.17,117.52,116.986,117.148,0
USDJPY,2007-10-11,117.15,117.76,117.0,117.37,0
USDJPY,2007-10-12,117.34,117.67,117.14,117.59,0
USDJPY,2007-10-15,117.57,117.92,117.11,117.32,0
USDJPY,2007-10-16,117.32,117.45,116.48,116.94,0
USDJPY,2007-10-17,116.955,117.15,116.2,116.49,0
USDJPY,2007-10-18,116.49,116.621,115.33,115.46,0
USDJPY,2007-10-19,115.46,115.679,114.46,114.56,0
USDJPY,2007-10-22,113.71,114.63,113.265,114.442,0
USDJPY,2007-10-23,114.43,114.99,114.23,114.86,0
USDJPY,2007-10-24,114.86,114.93,113.81,114.18,0
USDJPY,2007-10-25,114.16,114.55,113.78,113.963,0
USDJPY,2007-10-26,114.01,114.517,113.94,114.21,0
USDJPY,2007-10-29,114.2,114.87,114.05,114.7,0
USDJPY,2007-10-30,114.699,114.91,114.38,114.78,0
USDJPY,2007-10-31,114.75,115.47,114.55,115.39,0
USDJPY,2007-11-01,115.4,115.91,114.36,114.46,0
USDJPY,2007-11-02,114.48,115.33,114.43,114.72,0
USDJPY,2007-11-05,114.57,114.79,114.04,114.3,0
USDJPY,2007-11-06,114.31,114.76,114.28,114.71,0
USDJPY,2007-11-07,114.7,114.76,112.23,112.61,0
USDJPY,2007-11-08,112.66,113.34,112.22,112.71,0
USDJPY,2007-11-09,112.71,112.86,110.52,110.66,0
USDJPY,2007-11-12,110.62,110.764,109.16,109.62,0
USDJPY,2007-11-13,109.65,111.21,109.59,111.14,0
USDJPY,2007-11-14,111.1,111.724,110.85,111.27,0
USDJPY,2007-11-15,111.27,111.62,110.2,110.48,0
USDJPY,2007-11-16,110.46,111.27,109.85,110.98,0
USDJPY,2007-11-19,110.84,111.05,109.6,109.77,0
USDJPY,2007-11-20,109.73,110.52,109.55,109.72,0
USDJPY,2007-11-21,109.72,109.789,108.27,108.35,0
USDJPY,2007-11-22,108.32,109.12,108.32,108.49,0
USDJPY,2007-11-23,108.48,108.59,107.53,108.12,0
USDJPY,2007-11-27,107.42,109.12,107.31,108.8,0
USDJPY,2007-11-28,108.815,110.42,108.29,109.96,0
USDJPY,2007-11-29,109.96,110.279,109.49,109.76,0
USDJPY,2007-11-30,109.76,111.24,109.74,111.76,0
USDJPY,2007-12-03,110.92,111.01,110.14,110.44,0
USDJPY,2007-12-04,110.48,110.49,109.56,109.86,0
USDJPY,2007-12-05,109.854,110.96,109.76,110.91,0
USDJPY,2007-12-06,110.86,111.438,110.66,111.36,0
USDJPY,2007-12-07,111.36,111.79,111.16,111.66,0
USDJPY,2007-12-10,111.59,111.89,111.47,111.79,0
USDJPY,2007-12-11,111.79,112.12,110.52,110.88,0
USDJPY,2007-12-12,110.86,112.41,110.79,111.99,0
USDJPY,2007-12-13,112.004,112.44,111.44,112.31,0
USDJPY,2007-12-14,112.3,113.57,112.28,113.26,0
USDJPY,2007-12-17,113.35,113.47,112.75,112.85,0
USDJPY,2007-12-19,113.3,113.45,112.74,113.29,0
USDJPY,2007-12-20,113.28,113.35,112.81,113.16,0
USDJPY,2007-12-21,113.17,114.19,112.96,114.05,0
USDJPY,2007-12-24,114.11,114.47,114.0,114.16,0
USDJPY,2007-12-25,114.19,114.36,113.95,114.2,0
USDJPY,2007-12-26,114.19,114.34,113.95,114.22,0
USDJPY,2007-12-27,114.22,114.62,113.57,113.84,0
USDJPY,2007-12-28,113.84,113.99,112.26,112.37,0
USDJPY,2007-12-31,112.28,112.29,111.32,111.65,0
USDJPY,2008-01-01,111.2,111.968,111.2,111.82,0
USDJPY,2008-01-02,111.82,111.88,109.23,109.263,0
USDJPY,2008-01-03,109.264,109.726,108.25,109.51,0
USDJPY,2008-01-04,109.5,109.53,107.99,108.63,0
USDJPY,2008-01-07,108.58,109.7,108.58,109.23,0
USDJPY,2008-01-08,107.818,107.9,107.27,107.66,0
USDJPY,2008-01-09,108.99,110.09,108.84,109.88,0
USDJPY,2008-01-10,109.877,110.054,109.13,109.62,0
USDJPY,2008-01-11,109.64,109.686,108.68,108.96,0
USDJPY,2008-01-14,108.885,108.92,107.37,108.25,0
USDJPY,2008-01-15,108.241,108.241,106.6,106.77,0
USDJPY,2008-01-16,106.745,107.9,105.93,107.345,0
USDJPY,2008-01-17,107.33,107.8,106.39,106.4,0
USDJPY,2008-01-18,106.4,107.52,106.4,106.83,0
USDJPY,2008-01-21,106.892,106.93,105.63,105.62,0
USDJPY,2008-01-22,105.64,107.17,105.64,107.06,0
USDJPY,2008-01-23,107.06,107.33,105.04,106.75,0
USDJPY,2008-01-24,106.734,107.21,105.95,107.15,0
USDJPY,2008-01-25,107.13,107.87,106.61,106.8,0
USDJPY,2008-01-28,106.75,107.11,105.99,106.97,0
USDJPY,2008-01-29,106.99,107.14,106.42,107.04,0
USDJPY,2008-01-30,107.052,107.43,106.03,106.23,0
USDJPY,2008-01-31,106.23,106.856,105.73,106.251,0
USDJPY,2008-02-01,106.3,106.69,105.79,106.51,0
USDJPY,2008-02-04,106.56,107.07,106.55,106.69,0
USDJPY,2008-02-05,106.71,107.716,106.42,106.531,0
USDJPY,2008-02-06,106.52,106.77,106.19,106.38,0
USDJPY,2008-02-07,106.38,107.8,105.94,107.31,0
USDJPY,2008-02-08,107.74,107.74,107.74,107.74,0
USDJPY,2008-02-11,107.46,107.46,106.37,106.83,0
USDJPY,2008-02-12,106.86,107.5,106.79,107.34,0
USDJPY,2008-02-13,107.34,108.35,106.98,108.282,0
USDJPY,2008-02-14,108.26,108.56,107.71,107.79,0
USDJPY,2008-02-15,107.79,108.295,107.3,107.8,0
USDJPY,2008-02-18,107.8,108.28,107.76,108.16,0
USDJPY,2008-02-19,108.16,108.28,107.24,107.92,0
USDJPY,2008-02-20,107.93,108.33,107.48,108.05,0
USDJPY,2008-02-21,108.05,108.3,107.14,107.41,0
USDJPY,2008-02-22,107.4,107.53,106.76,107.19,0
USDJPY,2008-02-25,107.31,108.19,107.22,108.03,0
USDJPY,2008-02-26,108.043,108.1,107.14,107.35,0
USDJPY,2008-02-27,107.36,107.37,106.05,106.37,0
USDJPY,2008-02-28,106.39,106.6,104.76,104.95,0
USDJPY,2008-02-29,104.97,104.99,103.62,103.77,0
USDJPY,2008-03-03,103.04,103.632,102.62,103.52,0
USDJPY,2008-03-04,103.528,103.542,102.64,103.37,0
USDJPY,2008-03-05,103.4,104.16,103.31,103.91,0
USDJPY,2008-03-06,103.91,103.98,102.48,102.58,0
USDJPY,2008-03-07,102.59,103.21,101.57,102.7,0
USDJPY,2008-03-10,102.29,102.43,101.44,101.42,0
USDJPY,2008-03-11,101.43,103.55,101.42,103.27,0
USDJPY,2008-03-12,103.27,103.31,101.125,101.48,0
USDJPY,2008-03-13,101.5,101.67,99.91,100.68,0
USDJPY,2008-03-14,100.7,101.09,98.89,99.03,0
USDJPY,2008-03-17,98.14,98.16,95.84,97.1,0
USDJPY,2008-03-18,97.07,100.43,96.9,99.82,0
USDJPY,2008-03-19,99.76,100.05,97.8,98.62,0
USDJPY,2008-03-20,98.65,100.165,98.49,99.38,0
USDJPY,2008-03-21,99.38,99.725,99.29,99.57,0
USDJPY,2008-03-24,99.61,100.88,99.59,100.74,0
USDJPY,2008-03-25,100.72,100.995,99.647,100.08,0
USDJPY,2008-03-26,100.062,100.29,98.8,99.16,0
USDJPY,2008-03-27,99.14,100.1,98.58,99.53,0
USDJPY,2008-03-28,99.55,100.32,99.09,99.12,0
USDJPY,2008-03-31,98.94,100.1,98.94,99.85,0
USDJPY,2008-04-02,101.66,102.8,101.56,102.29,0
USDJPY,2008-04-03,102.3,102.93,102.1,102.29,0
USDJPY,2008-04-04,102.284,102.65,101.43,101.52,0
USDJPY,2008-04-07,101.61,102.8,101.56,102.44,0
USDJPY,2008-04-08,107.51,108.28,107.44,108.18,0
USDJPY,2008-04-09,102.78,102.8,101.49,101.822,0
USDJPY,2008-04-10,101.82,102.1,100.08,102.06,0
USDJPY,2008-04-11,102.1,102.212,100.66,100.95,0
USDJPY,2008-04-14,101.25,101.44,100.33,101.16,0
USDJPY,2008-04-15,101.15,101.91,100.8,101.82,0
USDJPY,2008-04-16,101.82,101.87,100.83,101.8,0
USDJPY,2008-04-17,101.825,102.7,101.71,102.48,0
USDJPY,2008-04-18,102.45,104.61,102.28,103.75,0
USDJPY,2008-04-21,104.0,104.04,103.03,103.303,0
USDJPY,2008-04-22,103.32,103.48,102.679,102.87,0
USDJPY,2008-04-23,102.88,103.74,102.8,103.452,0
USDJPY,2008-04-24,103.46,104.502,103.31,104.247,0
USDJPY,2008-04-25,104.24,104.81,103.92,104.4,0
USDJPY,2008-04-28,104.44,104.78,104.06,104.21,0
USDJPY,2008-04-29,104.2,104.348,103.23,104.0,0
USDJPY,2008-04-30,104.002,104.76,103.71,103.943,0
USDJPY,2008-05-02,104.4,105.63,104.33,105.3,0
USDJPY,2008-05-05,105.3,105.58,104.74,104.91,0
USDJPY,2008-05-06,104.92,105.076,104.03,104.684,0
USDJPY,2008-05-07,104.722,105.55,104.6,104.779,0
USDJPY,2008-05-08,108.17,108.41,107.65,108.27,0
USDJPY,2008-05-09,103.89,103.92,102.618,102.8,0
USDJPY,2008-05-12,102.89,104.01,102.58,103.77,0
USDJPY,2008-05-13,103.77,104.9,103.431,104.62,0
USDJPY,2008-05-14,104.643,105.43,104.57,105.05,0
USDJPY,2008-05-15,105.06,105.29,104.46,104.8,0
USDJPY,2008-05-16,104.79,105.07,103.59,104.02,0
USDJPY,2008-05-19,104.122,104.67,103.65,104.391,0
USDJPY,2008-05-20,104.38,104.465,103.48,103.57,0
USDJPY,2008-05-21,103.571,103.663,102.96,103.04,0
USDJPY,2008-05-22,103.062,104.37,102.73,104.04,0
USDJPY,2008-05-23,104.0,104.21,103.07,103.3,0
USDJPY,2008-05-26,103.35,103.48,103.13,103.34,0
USDJPY,2008-05-27,103.35,104.32,103.25,104.191,0
USDJPY,2008-05-28,104.18,105.26,103.9,104.65,0
USDJPY,2008-05-29,104.66,105.85,104.6,105.49,0
USDJPY,2008-05-30,105.49,105.723,105.25,105.5,0
USDJPY,2008-06-02,105.4,105.51,104.11,104.48,0
USDJPY,2008-06-03,104.46,105.513,103.91,105.13,0
USDJPY,2008-06-04,105.12,105.32,104.549,105.24,0
USDJPY,2008-06-05,105.207,106.361,105.18,105.92,0
USDJPY,2008-06-06,105.93,106.27,104.85,104.9,0
USDJPY,2008-06-09,104.61,106.35,104.61,106.32,0
USDJPY,2008-06-10,106.33,107.44,106.21,107.34,0
USDJPY,2008-06-11,107.34,107.731,106.58,106.96,0
USDJPY,2008-06-12,106.96,108.06,106.79,107.8,0
USDJPY,2008-06-13,107.821,108.36,107.65,108.15,0
USDJPY,2008-06-16,108.22,108.57,107.91,108.14,0
USDJPY,2008-06-17,108.15,108.352,107.62,107.97,0
USDJPY,2008-06-18,107.947,108.381,107.71,107.82,0
USDJPY,2008-06-19,107.82,108.05,107.45,107.92,0
USDJPY,2008-06-20,107.91,108.04,107.14,107.31,0
USDJPY,2008-06-23,107.433,108.02,107.16,107.83,0
USDJPY,2008-06-24,107.83,108.17,107.37,107.78,0
USDJPY,2008-06-25,107.77,108.32,107.63,107.8,0
USDJPY,2008-06-26,107.801,108.165,106.62,106.947,0
USDJPY,2008-06-27,106.947,107.16,105.862,106.12,0
USDJPY,2008-06-30,106.26,106.43,105.03,106.12,0
USDJPY,2008-07-02,106.021,106.749,105.79,105.94,0
USDJPY,2008-07-03,105.94,106.893,105.82,106.74,0
USDJPY,2008-07-04,106.73,106.85,106.59,106.81,0
USDJPY,2008-07-07,106.75,107.726,106.65,107.16,0
USDJPY,2008-07-08,109.61,109.69,109.1,109.41,0
USDJPY,2008-07-09,107.427,107.62,106.69,106.871,0
USDJPY,2008-07-10,106.84,107.34,106.705,107.066,0
USDJPY,2008-07-11,107.071,107.28,105.718,106.21,0
USDJPY,2008-07-14,106.42,106.79,106.047,106.22,0
USDJPY,2008-07-15,106.23,106.23,104.174,104.81,0
USDJPY,2008-07-16,104.82,105.27,103.8,105.18,0
USDJPY,2008-07-17,105.16,106.97,104.769,106.228,0
USDJPY,2008-07-18,106.22,106.99,105.978,106.95,0
USDJPY,2008-07-21,106.93,107.11,106.37,106.496,0
USDJPY,2008-07-22,106.5,107.37,106.074,107.23,0
USDJPY,2008-07-23,107.22,107.97,107.15,107.89,0
USDJPY,2008-07-24,107.9,107.941,107.17,107.38,0
USDJPY,2008-07-25,107.4,107.93,106.589,107.85,0
USDJPY,2008-07-28,107.824,108.01,107.346,107.46,0
USDJPY,2008-07-29,107.46,108.24,107.29,108.08,0
USDJPY,2008-07-30,108.09,108.31,107.72,108.15,0
USDJPY,2008-07-31,108.14,108.36,107.6,107.81,0
USDJPY,2008-08-08,109.42,110.362,109.28,110.17,0
USDJPY,2008-08-26,109.88,109.91,109.21,109.61,0
USDJPY,2008-08-27,109.613,109.88,108.69,109.54,0
USDJPY,2008-08-28,109.54,109.7,108.79,109.42,0
USDJPY,2008-08-29,109.43,109.54,108.45,108.79,0
USDJPY,2008-09-01,108.44,108.64,107.628,108.056,0
USDJPY,2008-09-02,108.06,109.16,107.9,108.65,0
USDJPY,2008-09-03,108.63,109.08,108.1,108.35,0
USDJPY,2008-09-04,108.34,108.513,105.7,106.73,0
USDJPY,2008-09-05,106.769,107.83,105.8,107.68,0
USDJPY,2008-09-08,108.48,109.04,107.76,108.11,0
USDJPY,2008-09-09,108.1,108.15,106.66,107.28,0
USDJPY,2008-09-10,107.31,107.91,106.69,107.72,0
USDJPY,2008-09-11,107.77,107.77,106.11,106.98,0
USDJPY,2008-09-12,107.01,107.96,106.81,107.94,0
USDJPY,2008-09-15,106.32,106.813,104.23,104.251,0
USDJPY,2008-09-16,104.26,106.304,103.58,105.52,0
USDJPY,2008-09-17,105.63,106.62,104.12,104.319,0
USDJPY,2008-09-18,104.311,105.743,104.152,105.5,0
USDJPY,2008-09-19,105.49,107.96,105.413,107.42,0
USDJPY,2008-09-22,106.84,106.902,105.15,105.56,0
USDJPY,2008-09-23,105.6,105.986,105.18,105.719,0
USDJPY,2008-09-24,105.7,106.3,105.37,106.08,0
USDJPY,2008-09-25,106.08,106.97,105.47,106.32,0
USDJPY,2008-09-26,106.321,106.45,105.06,106.05,0
USDJPY,2008-09-29,106.27,106.924,103.64,103.843,0
USDJPY,2008-09-30,103.84,106.46,103.67,106.07,0
USDJPY,2008-10-01,106.06,106.51,105.36,105.94,0
USDJPY,2008-10-02,105.93,106.26,105.08,105.21,0
USDJPY,2008-10-03,105.2,106.11,104.74,105.3,0
USDJPY,2008-10-06,105.04,105.06,100.32,101.88,0
USDJPY,2008-10-07,101.92,103.194,101.16,101.46,0
USDJPY,2008-10-08,110.19,110.39,110.06,110.09,0
USDJPY,2008-10-09,99.448,101.446,99.423,99.51,0
USDJPY,2008-10-10,99.47,101.17,98.15,101.1,0
USDJPY,2008-10-13,100.684,102.338,99.636,102.28,0
USDJPY,2008-10-14,102.317,102.991,101.523,101.96,0
USDJPY,2008-10-15,101.98,102.01,99.416,99.72,0
USDJPY,2008-10-16,99.73,101.72,99.3,101.24,0
USDJPY,2008-10-17,101.27,101.779,100.61,101.65,0
USDJPY,2008-10-20,101.44,102.37,101.402,101.97,0
USDJPY,2008-10-21,101.962,102.13,100.09,100.327,0
USDJPY,2008-10-22,100.33,100.52,97.23,97.86,0
USDJPY,2008-10-23,97.89,98.25,95.94,97.478,0
USDJPY,2008-10-24,97.5,97.8,91.017,94.27,0
USDJPY,2008-10-27,93.68,94.34,92.189,93.194,0
USDJPY,2008-10-28,93.28,99.56,92.72,98.2,0
USDJPY,2008-10-29,98.24,98.24,96.14,97.52,0
USDJPY,2008-10-30,97.527,99.0,97.5,98.79,0
USDJPY,2008-10-31,98.816,99.071,96.49,98.44,0
USDJPY,2008-11-03,98.54,99.62,98.34,99.0,0
USDJPY,2008-11-04,98.97,100.51,98.47,99.733,0
USDJPY,2008-11-05,99.72,99.833,97.781,98.22,0
USDJPY,2008-11-06,98.21,98.6,97.27,97.276,0
USDJPY,2008-11-07,97.29,98.52,96.81,98.09,0
USDJPY,2008-11-10,98.95,99.457,97.6,97.97,0
USDJPY,2008-11-11,97.98,98.28,97.16,97.291,0
USDJPY,2008-11-12,97.28,98.05,94.55,94.8,0
USDJPY,2008-11-13,94.97,98.048,94.97,97.57,0
USDJPY,2008-11-14,97.604,97.65,96.21,97.02,0
USDJPY,2008-11-17,96.23,97.53,96.17,96.41,0
USDJPY,2008-11-18,96.41,97.37,96.06,96.746,0
USDJPY,2008-11-19,96.709,97.052,95.57,96.003,0
USDJPY,2008-11-20,96.026,96.15,93.56,94.05,0
USDJPY,2008-11-21,93.979,95.94,93.86,95.91,0
USDJPY,2008-11-24,95.88,97.35,94.97,96.87,0
USDJPY,2008-11-25,96.89,96.91,94.97,95.447,0
USDJPY,2008-11-26,95.47,95.86,94.7,95.607,0
USDJPY,2008-11-27,95.62,95.68,94.97,95.429,0
USDJPY,2008-11-28,95.4,95.7,95.14,95.5,0
USDJPY,2008-12-01,95.32,95.39,92.877,93.14,0
USDJPY,2008-12-02,93.19,93.76,92.74,93.151,0
USDJPY,2008-12-03,93.16,93.5,92.56,93.14,0
USDJPY,2008-12-04,93.137,93.382,92.082,92.45,0
USDJPY,2008-12-05,92.44,93.318,91.65,92.82,0
USDJPY,2008-12-08,110.09,110.35,109.11,109.24,0
USDJPY,2008-12-09,92.983,93.02,91.93,92.303,0
USDJPY,2008-12-10,92.313,92.99,92.297,92.84,0
USDJPY,2008-12-11,92.831,92.831,91.15,91.53,0
USDJPY,2008-12-12,91.52,91.792,88.86,91.07,0
USDJPY,2008-12-15,90.72,91.3,90.25,90.5,0
USDJPY,2008-12-16,90.48,90.59,88.738,88.68,0
USDJPY,2008-12-17,88.67,89.16,87.18,87.32,0
USDJPY,2008-12-18,87.32,89.99,87.26,89.505,0
USDJPY,2008-12-19,89.48,89.8,88.5,89.27,0
USDJPY,2008-12-22,89.52,90.364,89.52,90.16,0
USDJPY,2008-12-23,90.14,90.97,89.939,90.84,0
USDJPY,2008-12-24,90.86,90.884,90.22,90.5,0
USDJPY,2008-12-25,90.48,90.57,90.21,90.514,0
USDJPY,2008-12-26,90.53,90.82,90.34,90.77,0
USDJPY,2008-12-29,90.63,90.75,89.82,90.652,0
USDJPY,2008-12-30,90.65,90.8,90.02,90.29,0
USDJPY,2008-12-31,90.31,90.93,90.127,90.65,0
USDJPY,2009-01-01,90.65,91.25,87.56,90.667,0
USDJPY,2009-01-02,90.66,92.37,90.66,91.79,0
USDJPY,2009-01-05,92.05,93.53,91.75,93.217,0
USDJPY,2009-01-06,93.22,94.566,92.87,93.38,0
USDJPY,2009-01-07,93.366,94.06,92.42,92.68,0
USDJPY,2009-01-08,92.721,92.886,90.85,91.36,0
USDJPY,2009-01-09,91.37,91.55,90.15,90.37,0
USDJPY,2009-01-12,90.127,90.224,88.891,89.43,0
USDJPY,2009-01-13,89.42,89.842,88.82,89.341,0
USDJPY,2009-01-14,89.36,89.95,88.62,89.16,0
USDJPY,2009-01-15,89.168,90.0,88.53,89.94,0
USDJPY,2009-01-16,89.95,90.9,89.85,90.9,0
USDJPY,2009-01-19,91.196,91.23,90.169,90.62,0
USDJPY,2009-01-20,90.62,90.943,89.68,89.81,0
USDJPY,2009-01-21,89.81,90.066,87.28,89.05,0
USDJPY,2009-01-22,89.072,89.471,88.094,89.126,0
USDJPY,2009-01-23,89.134,89.436,88.06,88.76,0
USDJPY,2009-01-26,88.513,89.606,88.44,89.24,0
USDJPY,2009-01-27,89.23,90.041,88.49,89.33,0
USDJPY,2009-01-28,89.331,90.58,88.94,90.462,0
USDJPY,2009-01-29,90.455,90.58,89.54,89.91,0
USDJPY,2009-01-30,89.911,90.03,89.2,89.9,0
USDJPY,2009-02-02,89.679,89.97,88.824,89.36,0
USDJPY,2009-02-03,89.36,89.92,88.59,89.37,0
USDJPY,2009-02-04,89.39,89.76,88.86,89.42,0
USDJPY,2009-02-05,89.42,91.947,89.23,91.15,0
USDJPY,2009-02-06,91.151,92.18,90.77,91.92,0
USDJPY,2009-02-09,92.03,92.09,90.91,91.31,0
USDJPY,2009-02-10,91.323,91.619,90.138,90.444,0
USDJPY,2009-02-11,90.42,90.7,89.742,90.29,0
USDJPY,2009-02-12,90.246,91.054,89.76,90.67,0
USDJPY,2009-02-13,90.664,92.14,90.54,91.86,0
USDJPY,2009-02-16,91.455,92.04,91.44,91.71,0
USDJPY,2009-02-17,91.72,92.72,91.62,92.276,0
USDJPY,2009-02-18,92.28,93.91,92.102,93.63,0
USDJPY,2009-02-19,93.631,94.43,93.31,94.011,0
USDJPY,2009-02-20,94.04,94.353,92.64,93.34,0
USDJPY,2009-02-23,93.451,94.915,92.76,94.4,0
USDJPY,2009-02-24,94.389,96.93,94.25,96.55,0
USDJPY,2009-02-25,96.56,97.768,96.395,97.39,0
USDJPY,2009-02-26,97.41,98.703,97.34,98.334,0
USDJPY,2009-02-27,98.298,98.31,96.944,97.62,0
USDJPY,2009-03-02,97.21,97.85,96.92,97.054,0
USDJPY,2009-03-03,97.07,98.571,97.06,98.535,0
USDJPY,2009-03-04,98.453,99.46,98.213,98.992,0
USDJPY,2009-03-05,99.02,99.66,97.8,98.13,0
USDJPY,2009-03-06,98.12,98.464,96.578,98.34,0
USDJPY,2009-03-09,97.955,99.16,97.95,98.92,0
USDJPY,2009-03-10,98.94,99.064,97.93,98.78,0
USDJPY,2009-03-11,98.803,98.803,97.14,97.25,0
USDJPY,2009-03-12,97.257,98.39,95.67,97.32,0
USDJPY,2009-03-13,97.339,98.573,97.17,97.94,0
USDJPY,2009-03-16,98.08,98.606,98.0,98.2,0
USDJPY,2009-03-17,98.23,98.95,98.17,98.781,0
USDJPY,2009-03-18,98.77,98.776,95.676,96.401,0
USDJPY,2009-03-19,96.4,96.58,93.613,94.45,0
USDJPY,2009-03-20,94.448,96.23,94.183,95.93,0
USDJPY,2009-03-23,95.964,97.3,95.68,97.092,0
USDJPY,2009-03-24,97.105,98.48,97.03,98.34,0
USDJPY,2009-03-25,98.307,98.309,97.007,97.73,0
USDJPY,2009-03-26,97.75,98.847,97.605,98.7,0
USDJPY,2009-03-27,98.69,98.73,97.233,97.85,0
USDJPY,2009-03-30,98.18,98.3,96.054,97.432,0
USDJPY,2009-03-31,97.41,99.33,97.31,98.97,0
USDJPY,2009-04-01,98.98,99.41,98.38,98.66,0
USDJPY,2009-04-02,98.65,99.876,98.419,99.56,0
USDJPY,2009-04-03,99.56,100.35,99.35,100.3,0
USDJPY,2009-04-06,100.44,101.426,100.38,100.76,0
USDJPY,2009-04-07,100.797,100.845,99.911,100.69,0
USDJPY,2009-04-08,100.69,100.722,99.395,99.74,0
USDJPY,2009-04-09,99.74,100.55,99.68,100.44,0
USDJPY,2009-04-10,100.48,100.687,100.17,100.26,0
USDJPY,2009-04-13,100.34,100.7,99.896,100.02,0
USDJPY,2009-04-14,100.02,100.4,98.75,98.97,0
USDJPY,2009-04-15,98.98,99.6,98.16,99.23,0
USDJPY,2009-04-16,99.26,99.487,98.544,99.33,0
USDJPY,2009-04-17,99.345,99.688,98.75,99.08,0
USDJPY,2009-04-20,99.266,99.38,97.66,98.066,0
USDJPY,2009-04-21,98.06,98.87,97.71,98.64,0
USDJPY,2009-04-22,98.64,98.7,97.63,98.13,0
USDJPY,2009-04-23,98.158,98.415,97.62,97.92,0
USDJPY,2009-04-24,97.923,97.929,96.641,97.21,0
USDJPY,2009-04-27,96.7,97.09,96.42,96.53,0
USDJPY,2009-04-28,96.513,96.64,95.64,96.53,0
USDJPY,2009-04-29,96.54,97.88,96.511,97.47,0
USDJPY,2009-04-30,97.47,98.942,97.16,98.69,0
USDJPY,2009-05-01,98.69,99.523,98.68,99.19,0
USDJPY,2009-05-04,99.43,99.54,98.72,98.83,0
USDJPY,2009-05-05,98.821,99.18,98.61,98.92,0
USDJPY,2009-05-06,98.93,99.01,97.95,98.41,0
USDJPY,2009-05-07,98.41,99.66,98.4,99.128,0
USDJPY,2009-05-08,99.12,99.54,98.33,98.45,0
USDJPY,2009-05-11,98.64,98.805,97.25,97.5,0
USDJPY,2009-05-12,97.511,97.82,96.1,96.46,0
USDJPY,2009-05-13,96.45,96.668,95.14,95.37,0
USDJPY,2009-05-14,95.4,96.151,95.128,96.0,0
USDJPY,2009-05-15,96.03,96.1,94.754,95.11,0
USDJPY,2009-05-18,95.126,96.454,94.55,96.373,0
USDJPY,2009-05-19,96.38,96.671,95.91,96.117,0
USDJPY,2009-05-20,96.11,96.207,94.683,94.911,0
USDJPY,2009-05-21,94.911,95.21,93.963,94.13,0
USDJPY,2009-05-22,94.13,94.897,93.86,94.74,0
USDJPY,2009-05-25,94.68,95.17,94.42,94.82,0
USDJPY,2009-05-26,94.821,95.12,94.52,95.05,0
USDJPY,2009-05-27,95.056,95.48,94.695,95.38,0
USDJPY,2009-05-28,95.384,97.221,95.384,96.798,0
USDJPY,2009-05-29,96.8,96.872,95.02,95.43,0
USDJPY,2009-06-01,95.317,96.783,94.46,96.522,0
USDJPY,2009-06-02,96.53,96.576,95.32,95.601,0
USDJPY,2009-06-03,95.593,96.41,95.38,96.07,0
USDJPY,2009-06-04,96.062,96.95,95.94,96.643,0
USDJPY,2009-06-05,96.63,98.87,96.56,98.81,0
USDJPY,2009-06-08,98.77,98.85,98.201,98.457,0
USDJPY,2009-06-09,98.46,98.55,97.25,97.477,0
USDJPY,2009-06-10,97.46,98.437,97.1,98.149,0
USDJPY,2009-06-11,98.14,98.51,97.306,97.63,0
USDJPY,2009-06-12,97.654,98.411,97.472,98.37,0
USDJPY,2009-06-15,98.41,98.561,97.57,97.819,0
USDJPY,2009-06-16,97.82,97.82,96.09,96.5,0
USDJPY,2009-06-17,96.48,96.75,95.51,95.74,0
USDJPY,2009-06-18,95.76,96.7,95.64,96.57,0
USDJPY,2009-06-19,96.582,97.16,95.98,96.76,0
USDJPY,2009-06-22,96.12,96.25,95.71,95.85,0
USDJPY,2009-06-23,95.87,95.87,94.888,95.119,0
USDJPY,2009-06-24,95.138,95.89,95.06,95.848,0
USDJPY,2009-06-25,95.83,96.55,95.618,95.943,0
USDJPY,2009-06-26,95.933,96.039,95.03,95.21,0
USDJPY,2009-06-29,95.353,96.143,95.16,96.092,0
USDJPY,2009-06-30,96.091,96.473,95.22,96.331,0
USDJPY,2009-07-01,96.322,96.953,96.177,96.62,0
USDJPY,2009-07-02,96.627,96.87,95.731,95.952,0
USDJPY,2009-07-03,95.951,96.14,95.7,96.14,0
USDJPY,2009-07-06,95.952,95.952,94.64,95.17,0
USDJPY,2009-07-07,95.176,95.41,94.71,94.769,0
USDJPY,2009-07-08,94.769,94.769,91.88,92.772,0
USDJPY,2009-07-09,92.79,93.586,92.398,93.04,0
USDJPY,2009-07-10,93.04,93.17,91.861,92.53,0
USDJPY,2009-07-13,92.4,93.14,91.78,93.022,0
USDJPY,2009-07-14,92.98,93.74,92.734,93.421,0
USDJPY,2009-07-15,93.39,94.44,93.256,94.177,0
USDJPY,2009-07-16,94.17,94.41,93.317,93.776,0
USDJPY,2009-07-17,93.78,94.365,93.47,94.21,0
USDJPY,2009-07-20,94.2,94.2,94.066,94.14,0
USDJPY,2009-07-21,93.69,93.731,93.53,93.533,0
USDJPY,2009-07-22,93.576,93.588,93.53,93.569,0
USDJPY,2009-07-23,95.099,95.13,94.93,94.93,0
USDJPY,2009-07-24,95.099,95.13,94.587,94.87,0
USDJPY,2009-07-27,95.147,95.262,95.147,95.16,0
USDJPY,2009-07-28,94.36,94.461,94.344,94.38,0
USDJPY,2009-07-29,94.98,95.14,94.98,95.1,0
USDJPY,2009-07-30,95.519,95.613,95.42,95.56,0
USDJPY,2009-07-31,95.519,95.81,94.512,94.64,0
USDJPY,2009-08-03,95.2,95.28,95.161,95.167,0
USDJPY,2009-08-04,95.24,95.38,95.24,95.29,0
USDJPY,2009-08-05,94.94,94.95,94.79,94.796,0
USDJPY,2009-08-06,95.45,95.531,95.42,95.484,0
USDJPY,2009-08-07,95.45,97.777,95.068,97.43,0
USDJPY,2009-08-10,97.0,97.01,96.866,97.01,0
USDJPY,2009-08-11,96.03,96.072,95.92,95.92,0
USDJPY,2009-08-12,96.16,96.2,96.078,96.157,0
USDJPY,2009-08-13,95.371,95.393,95.25,95.27,0
USDJPY,2009-08-14,95.371,95.449,94.437,94.86,0
USDJPY,2009-08-17,94.37,94.44,94.34,94.43,0
USDJPY,2009-08-18,94.81,94.94,94.8,94.84,0
USDJPY,2009-08-19,94.06,94.12,93.96,94.11,0
USDJPY,2009-08-20,94.16,94.27,94.14,94.257,0
USDJPY,2009-08-21,94.16,94.678,93.4,94.37,0
USDJPY,2009-08-24,94.42,94.456,94.34,94.39,0
USDJPY,2009-08-25,94.164,94.21,93.88,93.9,0
USDJPY,2009-08-26,94.22,94.22,94.05,94.08,0
USDJPY,2009-08-27,93.53,93.699,93.5,93.63,0
USDJPY,2009-08-28,93.56,93.56,93.56,93.56,0
USDJPY,2009-08-31,92.95,93.04,92.87,92.87,0
USDJPY,2009-09-01,92.775,92.8,92.55,92.707,0
USDJPY,2009-09-02,92.118,92.253,92.11,92.209,0
USDJPY,2009-09-03,92.702,92.723,92.65,92.687,0
USDJPY,2009-09-04,92.702,93.23,92.32,92.97,0
USDJPY,2009-09-07,92.99,93.013,92.92,92.92,0
USDJPY,2009-09-08,92.282,92.33,92.236,92.31,0
USDJPY,2009-09-09,92.08,92.14,92.06,92.13,0
USDJPY,2009-09-10,91.74,91.74,91.61,91.687,0
USDJPY,2009-09-11,91.74,91.74,90.216,90.66,0
USDJPY,2009-09-14,90.847,90.89,90.77,90.87,0
USDJPY,2009-09-15,90.98,90.99,90.85,90.898,0
USDJPY,2009-09-16,90.84,91.03,90.83,91.02,0
USDJPY,2009-09-17,91.2,91.22,91.12,91.206,0
USDJPY,2009-09-18,91.2,91.51,91.02,91.27,0
USDJPY,2009-09-21,92.01,92.053,91.95,92.026,0
USDJPY,2009-09-22,91.12,91.135,90.52,90.71,0
USDJPY,2009-09-23,91.49,91.545,91.3,91.327,0
USDJPY,2009-09-24,91.27,91.33,90.76,90.823,0
USDJPY,2009-09-25,91.27,91.33,89.503,89.81,0
USDJPY,2009-09-28,89.666,89.888,89.612,89.862,0
USDJPY,2009-09-29,90.09,90.221,90.04,90.221,0
USDJPY,2009-09-30,89.84,89.939,89.84,89.87,0
USDJPY,2009-10-01,89.49,89.57,89.458,89.547,0
USDJPY,2009-10-02,89.61,89.61,89.61,89.61,0
USDJPY,2009-10-05,89.51,89.643,89.48,89.62,0
USDJPY,2009-10-06,88.71,88.8,88.64,88.8,0
USDJPY,2009-10-07,88.68,88.68,88.48,88.538,0
USDJPY,2009-10-08,88.48,88.769,88.48,88.769,0
USDJPY,2009-10-09,88.48,89.857,88.48,89.74,0
USDJPY,2009-10-12,89.71,89.73,89.61,89.71,0
USDJPY,2009-10-13,89.744,89.87,89.73,89.82,0
USDJPY,2009-10-14,89.41,89.46,89.39,89.41,0
USDJPY,2009-10-15,90.64,90.96,90.596,90.827,0
USDJPY,2009-10-16,90.64,91.3,90.579,90.91,0
USDJPY,2009-10-19,90.66,90.773,90.63,90.773,0
USDJPY,2009-10-20,90.7,90.878,90.69,90.798,0
USDJPY,2009-10-21,90.91,90.937,90.78,90.88,0
USDJPY,2009-10-22,91.35,91.432,91.33,91.396,0
USDJPY,2009-10-23,91.35,92.104,91.33,92.05,0
USDJPY,2009-10-26,92.09,92.28,91.56,92.2,0
USDJPY,2009-10-27,92.217,92.32,91.59,91.624,0
USDJPY,2009-10-28,91.65,91.71,90.548,90.57,0
USDJPY,2009-10-29,90.65,91.6,90.242,91.49,0
USDJPY,2009-10-30,91.49,91.49,89.92,90.09,0
USDJPY,2009-11-02,89.722,90.67,89.722,90.39,0
USDJPY,2009-11-03,90.4,90.567,89.86,90.39,0
USDJPY,2009-11-04,90.42,91.229,90.06,90.698,0
USDJPY,2009-11-05,90.661,90.84,90.01,90.77,0
USDJPY,2009-11-06,90.78,90.78,89.63,89.88,0
USDJPY,2009-11-09,89.86,90.257,89.736,89.829,0
USDJPY,2009-11-10,89.85,90.153,89.68,89.71,0
USDJPY,2009-11-11,89.52,90.003,89.292,89.91,0
USDJPY,2009-11-12,89.89,90.555,89.649,90.28,0
USDJPY,2009-11-13,90.28,90.4,89.46,89.66,0
USDJPY,2009-11-16,89.6,89.702,88.773,89.01,0
USDJPY,2009-11-17,89.02,89.517,88.75,89.23,0
USDJPY,2009-11-18,89.252,89.463,89.0,89.398,0
USDJPY,2009-11-19,89.391,89.42,88.647,88.9,0
USDJPY,2009-11-20,88.91,89.107,88.676,88.83,0
USDJPY,2009-11-23,88.89,89.164,88.57,88.9,0
USDJPY,2009-11-24,88.87,88.921,88.35,88.593,0
USDJPY,2009-11-25,88.58,88.626,87.21,87.36,0
USDJPY,2009-11-26,87.345,87.445,84.89,85.14,0
USDJPY,2009-11-27,85.123,86.98,85.123,86.48,0
USDJPY,2009-11-30,86.61,86.83,85.87,86.25,0
USDJPY,2009-12-01,86.29,87.515,86.29,86.65,0
USDJPY,2009-12-02,86.65,87.65,86.59,87.56,0
USDJPY,2009-12-03,87.62,88.447,87.577,88.259,0
USDJPY,2009-12-04,88.27,90.731,87.997,90.52,0
USDJPY,2009-12-07,90.06,90.173,89.147,89.29,0
USDJPY,2009-12-08,89.34,89.42,88.19,88.38,0
USDJPY,2009-12-09,88.37,88.68,87.37,88.09,0
USDJPY,2009-12-10,88.061,88.43,87.74,88.23,0
USDJPY,2009-12-11,88.274,89.795,88.274,89.09,0
USDJPY,2009-12-14,89.279,89.279,88.33,88.69,0
USDJPY,2009-12-15,88.68,89.936,88.603,89.511,0
USDJPY,2009-12-16,89.49,89.961,89.4,89.85,0
USDJPY,2009-12-17,89.861,90.35,89.56,89.64,0
USDJPY,2009-12-18,89.67,90.848,89.05,90.44,0
USDJPY,2009-12-21,90.38,91.234,90.25,91.057,0
USDJPY,2009-12-22,91.08,91.86,91.002,91.805,0
USDJPY,2009-12-23,91.8,91.854,91.3,91.64,0
USDJPY,2009-12-24,91.6,91.757,91.128,91.444,0
USDJPY,2009-12-25,91.4,91.614,91.1,91.11,0
USDJPY,2009-12-28,91.454,91.737,91.42,91.69,0
USDJPY,2009-12-29,91.71,92.06,91.53,91.97,0
USDJPY,2009-12-30,91.99,92.754,91.97,92.42,0
USDJPY,2009-12-31,92.43,93.14,91.95,92.91,0
USDJPY,2010-01-01,92.94,93.09,92.92,92.92,0
USDJPY,2010-01-04,92.76,93.201,92.197,92.495,0
USDJPY,2010-01-05,92.47,92.486,91.283,91.585,0
USDJPY,2010-01-06,91.55,92.71,91.522,92.356,0
USDJPY,2010-01-07,92.336,93.735,92.11,93.39,0
USDJPY,2010-01-08,93.439,93.66,92.321,92.66,0
USDJPY,2010-01-11,92.379,92.63,91.79,92.092,0
USDJPY,2010-01-12,92.1,92.392,90.73,91.08,0
USDJPY,2010-01-13,91.09,91.535,90.908,91.433,0
USDJPY,2010-01-14,91.37,92.027,90.84,91.267,0
USDJPY,2010-01-15,91.26,91.305,90.602,90.75,0
USDJPY,2010-01-18,90.829,91.052,90.58,90.705,0
USDJPY,2010-01-19,90.71,91.255,90.29,91.199,0
USDJPY,2010-01-20,91.17,91.455,90.807,91.192,0
USDJPY,2010-01-21,91.21,91.858,89.978,90.393,0
USDJPY,2010-01-22,90.431,90.531,89.786,89.81,0
USDJPY,2010-01-25,89.98,90.455,89.82,90.415,0
USDJPY,2010-01-26,90.399,90.54,89.34,89.63,0
USDJPY,2010-01-27,89.61,90.051,89.133,89.95,0
USDJPY,2010-01-28,89.96,90.53,89.656,89.778,0
USDJPY,2010-01-29,89.79,90.879,89.61,90.27,0
USDJPY,2010-02-01,90.26,90.91,89.994,90.76,0
USDJPY,2010-02-02,90.74,90.9,90.258,90.428,0
USDJPY,2010-02-03,90.44,91.25,90.091,90.84,0
USDJPY,2010-02-04,90.84,91.05,88.645,89.41,0
USDJPY,2010-02-05,89.367,89.801,88.82,89.22,0
USDJPY,2010-02-08,89.26,89.548,89.14,89.22,0
USDJPY,2010-02-09,89.21,89.927,89.2,89.768,0
USDJPY,2010-02-10,89.79,90.04,89.27,89.93,0
USDJPY,2010-02-11,89.918,90.135,89.569,89.81,0
USDJPY,2010-02-12,89.813,90.379,89.57,89.95,0
USDJPY,2010-02-15,90.068,90.21,89.91,90.05,0
USDJPY,2010-02-16,90.04,90.472,89.71,90.244,0
USDJPY,2010-02-17,90.258,91.376,90.152,91.05,0
USDJPY,2010-02-18,91.07,92.07,90.58,91.977,0
USDJPY,2010-02-19,91.914,92.12,91.48,91.54,0
USDJPY,2010-02-22,91.629,91.86,91.01,91.235,0
USDJPY,2010-02-23,91.26,91.267,89.91,90.16,0
USDJPY,2010-02-24,90.15,90.352,89.793,90.279,0
USDJPY,2010-02-25,90.279,90.282,88.8,89.27,0
USDJPY,2010-02-26,89.262,89.45,88.774,88.921,0
USDJPY,2010-03-01,88.844,89.468,88.82,89.15,0
USDJPY,2010-03-02,89.21,89.36,88.57,88.74,0
USDJPY,2010-03-03,88.73,88.958,88.32,88.57,0
USDJPY,2010-03-04,88.598,89.24,88.13,89.16,0
USDJPY,2010-03-05,89.159,90.56,89.15,90.22,0
USDJPY,2010-03-08,90.61,90.612,90.14,90.286,0
USDJPY,2010-03-09,90.29,90.29,89.63,89.989,0
USDJPY,2010-03-10,90.02,90.79,89.929,90.47,0
USDJPY,2010-03-11,90.49,90.729,90.2,90.648,0
USDJPY,2010-03-12,90.66,91.049,90.167,90.54,0
USDJPY,2010-03-15,90.703,90.791,90.32,90.32,0
USDJPY,2010-03-16,90.341,90.716,89.98,90.29,0
USDJPY,2010-03-17,90.3,90.69,90.06,90.403,0
USDJPY,2010-03-18,90.39,90.751,89.761,90.48,0
USDJPY,2010-03-19,90.488,90.693,90.33,90.52,0
USDJPY,2010-03-22,90.439,90.753,89.868,90.34,0
USDJPY,2010-03-23,90.31,90.451,90.12,90.366,0
USDJPY,2010-03-24,90.383,92.366,90.376,92.014,0
USDJPY,2010-03-25,91.99,92.936,91.75,92.513,0
USDJPY,2010-03-26,92.516,92.883,92.29,92.507,0
USDJPY,2010-03-29,92.43,92.777,92.36,92.49,0
USDJPY,2010-03-30,92.49,92.991,92.117,92.82,0
USDJPY,2010-03-31,92.805,93.61,92.79,93.52,0
USDJPY,2010-04-01,93.59,93.995,93.276,93.85,0
USDJPY,2010-04-02,93.83,94.68,93.67,94.53,0
USDJPY,2010-04-05,94.55,94.589,94.07,94.33,0
USDJPY,2010-04-06,94.347,94.37,93.66,93.794,0
USDJPY,2010-04-07,93.79,94.253,93.14,93.309,0
USDJPY,2010-04-08,93.27,93.473,92.83,93.42,0
USDJPY,2010-04-09,93.42,93.76,93.11,93.16,0
USDJPY,2010-04-12,93.12,93.58,93.02,93.183,0
USDJPY,2010-04-13,93.173,93.393,92.596,93.18,0
USDJPY,2010-04-14,93.183,93.69,92.83,93.318,0
USDJPY,2010-04-15,93.305,93.51,92.9,93.04,0
USDJPY,2010-04-16,93.046,93.128,91.91,92.15,0
USDJPY,2010-04-19,91.93,92.502,91.59,92.46,0
USDJPY,2010-04-20,92.44,93.38,92.38,93.171,0
USDJPY,2010-04-21,93.154,93.38,92.933,93.054,0
USDJPY,2010-04-22,93.057,93.58,92.73,93.398,0
USDJPY,2010-04-23,93.401,94.288,93.302,93.95,0
USDJPY,2010-04-26,94.08,94.343,93.884,93.9,0
USDJPY,2010-04-27,93.89,94.008,92.832,93.144,0
USDJPY,2010-04-28,93.17,94.291,93.0,93.96,0
USDJPY,2010-04-29,94.01,94.248,93.83,94.013,0
USDJPY,2010-04-30,94.01,94.571,93.82,93.83,0
USDJPY,2010-05-03,94.008,94.77,93.838,94.692,0
USDJPY,2010-05-04,94.69,94.964,94.32,94.71,0
USDJPY,2010-05-05,94.69,94.96,93.56,93.781,0
USDJPY,2010-05-06,93.769,93.96,88.26,90.83,0
USDJPY,2010-05-07,90.838,93.06,90.594,91.58,0
USDJPY,2010-05-10,92.1,93.486,91.859,93.18,0
USDJPY,2010-05-11,93.19,93.248,92.215,92.49,0
USDJPY,2010-05-12,92.542,93.27,92.451,93.169,0
USDJPY,2010-05-13,93.171,93.586,92.6,92.777,0
USDJPY,2010-05-14,92.79,93.03,91.801,92.46,0
USDJPY,2010-05-17,92.332,92.672,91.753,92.55,0
USDJPY,2010-05-18,92.53,92.93,91.901,91.901,0
USDJPY,2010-05-19,91.92,92.133,90.987,91.54,0
USDJPY,2010-05-20,91.542,91.866,89.039,89.37,0
USDJPY,2010-05-21,89.4,90.457,89.22,89.986,0
USDJPY,2010-05-24,90.12,90.61,89.75,90.19,0
USDJPY,2010-05-25,90.192,90.443,89.248,90.332,0
USDJPY,2010-05-26,90.33,90.644,89.81,89.97,0
USDJPY,2010-05-27,89.958,91.07,89.906,90.879,0
USDJPY,2010-05-28,90.88,91.396,90.59,91.052,0
USDJPY,2010-05-31,90.94,91.59,90.94,91.19,0
USDJPY,2010-06-01,91.18,91.44,90.53,91.1,0
USDJPY,2010-06-02,91.09,92.347,91.01,92.19,0
USDJPY,2010-06-03,92.19,92.771,92.04,92.623,0
USDJPY,2010-06-04,92.593,92.868,91.427,91.88,0
USDJPY,2010-06-07,91.57,92.064,90.99,91.516,0
USDJPY,2010-06-08,91.49,91.907,90.885,91.41,0
USDJPY,2010-06-09,91.41,91.655,91.04,91.365,0
USDJPY,2010-06-10,91.321,91.441,90.855,91.309,0
USDJPY,2010-06-11,91.331,91.756,91.262,91.62,0
USDJPY,2010-06-14,91.71,92.076,91.41,91.62,0
USDJPY,2010-06-15,91.63,91.68,91.1,91.474,0
USDJPY,2010-06-16,91.49,91.761,91.15,91.396,0
USDJPY,2010-06-17,91.4,91.42,90.51,90.84,0
USDJPY,2010-06-18,90.86,90.924,90.454,90.7,0
USDJPY,2010-06-21,90.4,91.452,90.32,90.995,0
USDJPY,2010-06-22,91.01,91.08,90.333,90.54,0
USDJPY,2010-06-23,90.549,90.562,89.748,89.91,0
USDJPY,2010-06-24,89.92,89.96,89.22,89.63,0
USDJPY,2010-06-25,89.6,89.75,89.15,89.15,0
USDJPY,2010-06-28,89.37,89.445,89.05,89.313,0
USDJPY,2010-06-29,89.32,89.4,88.299,88.649,0
USDJPY,2010-06-30,88.66,88.756,88.35,88.43,0
USDJPY,2010-07-01,88.426,88.54,86.98,87.6,0
USDJPY,2010-07-02,87.63,88.189,87.34,87.79,0
USDJPY,2010-07-05,87.751,87.999,87.625,87.625,0
USDJPY,2010-07-06,87.639,87.971,87.34,87.48,0
USDJPY,2010-07-07,87.51,87.797,87.0255,87.68,0
USDJPY,2010-07-08,87.66,88.605,87.66,88.41,0
USDJPY,2010-07-09,88.41,88.681,88.36,88.57,0
USDJPY,2010-07-12,88.649,89.137,88.379,88.639,0
USDJPY,2010-07-13,88.65,88.856,88.04,88.793,0
USDJPY,2010-07-14,88.822,89.093,88.075,88.27,0
USDJPY,2010-07-15,88.284,88.389,87.241,87.34,0
USDJPY,2010-07-16,87.373,87.482,86.28,86.56,0
USDJPY,2010-07-19,86.524,87.181,86.48,86.76,0
USDJPY,2010-07-20,86.74,87.559,86.68,87.242,0
USDJPY,2010-07-21,87.27,87.431,86.792,86.861,0
USDJPY,2010-07-22,86.88,87.181,86.34,87.124,0
USDJPY,2010-07-23,87.15,87.52,86.736,87.52,0
USDJPY,2010-07-26,87.51,87.7,86.82,86.998,0
USDJPY,2010-07-27,87.008,87.964,86.83,87.816,0
USDJPY,2010-07-28,87.008,88.091,87.286,87.452,0
USDJPY,2010-07-29,87.456,87.484,86.58,86.683,0
USDJPY,2010-07-30,86.67,86.79,85.998,86.44,0
USDJPY,2010-08-02,86.38,86.861,86.32,86.598,0
USDJPY,2010-08-03,86.58,86.606,85.677,85.78,0
USDJPY,2010-08-04,85.79,86.36,85.31,85.78,0
USDJPY,2010-08-05,86.28,86.43,85.782,86.3,0
USDJPY,2010-08-06,85.82,86.174,85.036,85.833,0
USDJPY,2010-08-09,85.344,85.88,85.33,85.344,0
USDJPY,2010-08-10,85.888,86.196,85.632,85.897,0
USDJPY,2010-08-11,85.357,85.445,84.748,85.36,0
USDJPY,2010-08-12,85.2,85.96,84.927,85.172,0
USDJPY,2010-08-13,86.065,86.334,85.579,86.074,0
USDJPY,2010-08-16,86.141,86.15,85.23,86.14,0
USDJPY,2010-08-17,85.307,85.668,85.121,85.307,0
USDJPY,2010-08-18,85.58,85.675,85.19,85.595,0
USDJPY,2010-08-19,85.447,85.9,84.88,85.44,0
USDJPY,2010-08-20,85.32,85.81,85.19,85.344,0
USDJPY,2010-08-23,85.55,85.633,85.087,85.56,0
USDJPY,2010-08-24,85.151,85.179,83.619,85.141,0
USDJPY,2010-08-25,84.18,84.673,84.07,84.178,0
USDJPY,2010-08-26,84.66,84.874,84.4,84.684,0
USDJPY,2010-08-27,84.35,85.12,84.26,84.346,0
USDJPY,2010-08-30,85.498,85.892,84.548,85.501,0
USDJPY,2010-08-31,84.558,84.652,83.994,84.532,0
USDJPY,2010-09-01,84.14,84.659,83.732,84.14,0
USDJPY,2010-09-02,84.37,84.55,84.022,84.407,0
USDJPY,2010-09-03,84.27,85.192,84.17,84.25,0
USDJPY,2010-09-06,84.42,84.482,84.03,84.43,0
USDJPY,2010-09-07,84.13,84.252,83.52,84.12,0
USDJPY,2010-09-08,83.73,84.002,83.351,83.732,0
USDJPY,2010-09-09,83.97,84.02,83.504,83.95,0
USDJPY,2010-09-10,83.93,84.379,83.754,83.93,0
USDJPY,2010-09-13,84.334,84.34,83.505,84.307,0
USDJPY,2010-09-14,83.696,83.71,82.92,83.681,0
USDJPY,2010-09-15,83.057,85.741,82.87,83.048,0
USDJPY,2010-09-16,85.69,85.812,85.217,85.7,0
USDJPY,2010-09-17,85.841,85.91,85.59,85.848,0
USDJPY,2010-09-20,85.69,85.787,85.5,85.69,0
USDJPY,2010-09-21,85.72,85.76,85.274,85.702,0
USDJPY,2010-09-22,85.118,85.14,84.28,85.113,0
USDJPY,2010-09-23,84.49,84.656,84.26,84.48,0
USDJPY,2010-09-24,84.53,85.32,84.122,84.51,0
USDJPY,2010-09-27,84.312,84.38,84.12,84.316,0
USDJPY,2010-09-28,84.26,84.328,83.8,84.275,0
USDJPY,2010-09-29,83.883,84.066,83.507,83.892,0
USDJPY,2010-09-30,83.76,83.79,83.181,83.766,0
USDJPY,2010-10-01,83.55,83.56,83.13,83.57,0
USDJPY,2010-10-04,83.35,83.846,83.17,83.333,0
USDJPY,2010-10-05,83.502,83.942,83.013,83.503,0
USDJPY,2010-10-06,83.21,83.27,82.77,83.19,0
USDJPY,2010-10-07,82.97,83.007,82.18,82.967,0
USDJPY,2010-10-08,82.379,82.551,81.751,82.38,0
USDJPY,2010-10-11,81.802,82.122,81.775,81.82,0
USDJPY,2010-10-12,82.087,82.326,81.681,82.089,0
USDJPY,2010-10-13,81.798,81.996,81.71,81.78,0
USDJPY,2010-10-14,81.806,81.835,80.86,81.798,0
USDJPY,2010-10-15,81.487,81.61,80.937,81.47,0
USDJPY,2010-10-18,81.37,81.39,81.12,81.378,0
USDJPY,2010-10-19,81.21,81.906,81.14,81.198,0
USDJPY,2010-10-20,81.54,81.584,80.883,81.542,0
USDJPY,2010-10-21,81.06,81.771,80.93,81.055,0
USDJPY,2010-10-22,81.308,81.493,81.006,81.3,0
USDJPY,2010-10-25,81.32,81.34,80.456,81.309,0
USDJPY,2010-10-26,80.808,81.409,80.6,80.825,0
USDJPY,2010-10-27,81.32,81.972,81.31,81.337,0
USDJPY,2010-10-28,81.675,81.73,80.84,81.679,0
USDJPY,2010-10-29,81.675,81.73,80.45,81.679,0
USDJPY,2010-11-01,80.573,81.111,80.32,80.406,0
USDJPY,2010-11-02,80.51,80.937,80.48,80.559,0
USDJPY,2010-11-03,80.656,81.467,80.59,80.668,0
USDJPY,2010-11-04,81.058,81.2,80.588,81.05,0
USDJPY,2010-11-05,80.77,81.43,80.619,80.776,0
USDJPY,2010-11-08,81.169,81.39,81.002,81.14,0
USDJPY,2010-11-09,81.121,81.211,80.52,81.09,0
USDJPY,2010-11-10,81.553,82.772,81.553,81.583,0
USDJPY,2010-11-11,82.2,82.5,82.03,82.204,0
USDJPY,2010-11-12,82.415,82.439,81.678,82.41,0
USDJPY,2010-11-15,82.48,83.198,82.39,82.47,0
USDJPY,2010-11-16,83.157,83.33,82.847,83.162,0
USDJPY,2010-11-17,83.367,83.527,83.02,83.38,0
USDJPY,2010-11-18,83.151,83.67,83.098,83.1,0
USDJPY,2010-11-19,83.538,83.626,83.14,83.54,0
USDJPY,2010-11-22,83.464,83.553,83.33,83.485,0
USDJPY,2010-11-23,83.317,83.835,82.79,83.29,0
USDJPY,2010-11-24,83.25,83.466,82.94,83.269,0
USDJPY,2010-11-25,83.53,83.683,83.4,83.52,0
USDJPY,2010-11-26,83.638,84.172,83.638,83.63,0
USDJPY,2010-11-29,84.173,84.39,83.849,84.157,0
USDJPY,2010-11-30,84.231,84.26,83.446,84.254,0
USDJPY,2010-12-01,83.666,84.378,83.383,83.678,0
USDJPY,2010-12-02,84.11,84.35,83.902,84.123,0
USDJPY,2010-12-03,83.74,83.833,82.533,83.749,0
USDJPY,2010-12-06,82.77,82.976,82.62,82.78,0
USDJPY,2010-12-07,82.67,83.175,82.32,82.67,0
USDJPY,2010-12-08,83.48,84.287,83.471,83.479,0
USDJPY,2010-12-09,84.093,84.104,83.664,84.1,0
USDJPY,2010-12-10,83.84,83.98,83.46,83.816,0
USDJPY,2010-12-13,83.968,84.34,83.54,83.973,0
USDJPY,2010-12-14,83.44,83.63,82.83,83.44,0
USDJPY,2010-12-15,83.79,84.064,83.645,83.79,0
USDJPY,2010-12-16,84.28,84.397,83.96,84.269,0
USDJPY,2010-12-17,84.036,84.148,83.69,84.05,0
USDJPY,2010-12-20,84.016,84.103,83.62,84.01,0
USDJPY,2010-12-21,83.771,83.783,83.497,83.771,0
USDJPY,2010-12-22,83.78,83.843,83.41,83.79,0
USDJPY,2010-12-23,83.56,83.56,82.86,83.56,0
USDJPY,2010-12-24,83.0,83.143,82.86,83.02,0
USDJPY,2010-12-27,82.909,82.964,82.648,82.919,0
USDJPY,2010-12-28,82.74,82.746,81.822,82.72,0
USDJPY,2010-12-29,82.354,82.365,81.9,82.356,0
USDJPY,2010-12-30,81.61,81.843,81.284,81.618,0
USDJPY,2010-12-31,81.494,81.53,80.96,81.48,0
USDJPY,2011-01-03,81.14,81.709,81.12,81.123,0
USDJPY,2011-01-04,81.672,82.268,81.6,81.67,0
USDJPY,2011-01-05,82.01,83.32,81.883,82.038,0
USDJPY,2011-01-06,83.16,83.377,82.88,83.189,0
USDJPY,2011-01-07,83.27,83.658,82.948,83.3,0
USDJPY,2011-01-10,83.069,83.273,82.729,83.03,0
USDJPY,2011-01-11,82.73,83.483,82.73,82.71,0
USDJPY,2011-01-12,83.355,83.449,82.98,83.34,0
USDJPY,2011-01-13,83.09,83.14,82.566,83.07,0
USDJPY,2011-01-14,82.75,82.97,82.409,82.762,0
USDJPY,2011-01-17,82.889,82.994,82.349,82.887,0
USDJPY,2011-01-18,82.64,82.791,82.323,82.67,0
USDJPY,2011-01-19,82.617,82.678,82.009,82.612,0
USDJPY,2011-01-20,82.14,83.04,82.04,82.155,0
USDJPY,2011-01-21,82.934,83.079,82.52,82.92,0
USDJPY,2011-01-24,82.58,82.91,82.42,82.586,0
USDJPY,2011-01-25,82.535,82.643,82.272,82.542,0
USDJPY,2011-01-26,82.259,82.314,81.989,82.26,0
USDJPY,2011-01-27,82.16,83.159,82.025,82.163,0
USDJPY,2011-01-28,82.887,82.89,82.13,82.885,0
USDJPY,2011-01-31,82.097,82.231,81.93,82.089,0
USDJPY,2011-02-01,82.087,82.133,81.47,82.07,0
USDJPY,2011-02-02,81.39,81.614,81.35,81.391,0
USDJPY,2011-02-03,81.494,82.044,81.494,81.493,0
USDJPY,2011-02-04,81.657,81.975,81.49,81.65,0
USDJPY,2011-02-07,82.22,82.458,82.15,82.22,0
USDJPY,2011-02-08,82.298,82.358,81.768,82.289,0
USDJPY,2011-02-09,82.27,82.649,82.249,82.303,0
USDJPY,2011-02-10,82.4,83.269,82.36,82.419,0
USDJPY,2011-02-11,83.34,83.662,83.23,83.34,0
USDJPY,2011-02-14,83.42,83.487,83.099,83.444,0
USDJPY,2011-02-15,83.4,83.908,83.193,83.413,0
USDJPY,2011-02-16,83.72,83.955,83.58,83.716,0
USDJPY,2011-02-17,83.613,83.666,83.156,83.61,0
USDJPY,2011-02-18,83.287,83.494,83.207,83.29,0
USDJPY,2011-02-21,83.106,83.258,83.04,83.08,0
USDJPY,2011-02-22,83.069,83.401,82.786,83.066,0
USDJPY,2011-02-23,82.773,82.87,82.51,82.76,0
USDJPY,2011-02-24,82.45,82.45,81.649,82.438,0
USDJPY,2011-02-25,82.02,82.023,81.65,82.047,0
USDJPY,2011-02-28,81.62,81.92,81.6,81.622,0
USDJPY,2011-03-01,81.874,82.22,81.83,81.873,0
USDJPY,2011-03-02,81.898,82.1,81.6,81.898,0
USDJPY,2011-03-03,81.81,82.362,81.718,81.828,0
USDJPY,2011-03-04,82.36,82.91,82.236,82.367,0
USDJPY,2011-03-07,82.35,82.382,81.93,82.343,0
USDJPY,2011-03-08,82.298,82.843,82.201,82.292,0
USDJPY,2011-03-09,82.81,82.923,82.61,82.8,0
USDJPY,2011-03-10,82.831,83.16,82.691,82.833,0
USDJPY,2011-03-11,82.889,83.28,81.781,82.918,0
USDJPY,2011-03-14,81.3,82.37,81.3,81.284,0
USDJPY,2011-03-15,81.84,81.91,80.74,81.82,0
USDJPY,2011-03-16,81.01,81.154,80.22,81.056,0
USDJPY,2011-03-17,79.089,79.71,78.25,79.128,0
USDJPY,2011-03-18,79.23,81.96,79.23,79.5,0
USDJPY,2011-03-21,80.96,81.302,80.812,81.015,0
USDJPY,2011-03-22,81.18,81.21,80.85,81.209,0
USDJPY,2011-03-23,81.032,81.056,80.7,81.039,0
USDJPY,2011-03-24,80.86,81.05,80.78,80.867,0
USDJPY,2011-03-25,81.018,81.366,80.91,81.014,0
USDJPY,2011-03-28,81.451,81.837,81.436,81.449,0
USDJPY,2011-03-29,81.746,82.45,81.537,81.76,0
USDJPY,2011-03-30,82.408,83.172,82.38,82.411,0
USDJPY,2011-03-31,83.146,83.205,82.54,83.15,0
USDJPY,2011-04-01,83.36,84.69,83.28,83.36,0
USDJPY,2011-04-04,84.219,84.281,83.85,84.22,0
USDJPY,2011-04-05,84.128,84.69,84.1,84.13,0
USDJPY,2011-04-06,85.15,85.48,84.83,85.16,0
USDJPY,2011-04-07,85.31,85.49,84.611,85.32,0
USDJPY,2011-04-08,84.96,85.38,84.86,84.96,0
USDJPY,2011-04-11,85.041,85.149,84.53,85.04,0
USDJPY,2011-04-12,84.63,84.63,83.5,84.63,0
USDJPY,2011-04-13,83.58,84.237,83.48,83.6,0
USDJPY,2011-04-14,83.783,83.806,82.96,83.783,0
USDJPY,2011-04-18,83.15,83.249,82.198,83.147,0
USDJPY,2011-04-19,82.34,82.72,82.34,82.334,0
USDJPY,2011-04-20,82.574,83.09,82.3,82.58,0
USDJPY,2011-04-21,82.437,82.52,81.6,82.44,0
USDJPY,2011-04-22,81.891,82.089,81.658,81.897,0
USDJPY,2011-04-25,81.89,82.409,81.89,81.87,0
USDJPY,2011-04-26,81.852,81.957,81.57,81.84,0
USDJPY,2011-04-27,81.47,82.718,81.31,81.511,0
USDJPY,2011-04-28,82.189,82.264,81.394,82.204,0
USDJPY,2011-04-29,81.55,81.63,81.117,81.53,0
USDJPY,2011-05-02,81.23,81.681,80.99,81.227,0
USDJPY,2011-05-03,81.191,81.25,80.694,81.18,0
USDJPY,2011-05-04,80.97,81.176,80.52,80.969,0
USDJPY,2011-05-05,80.64,80.651,79.598,80.64,0
USDJPY,2011-05-06,80.4,80.888,80.2,80.417,0
USDJPY,2011-05-09,80.7,80.823,80.507,80.734,0
USDJPY,2011-05-10,80.26,80.835,80.17,80.242,0
USDJPY,2011-05-11,81.004,81.291,80.62,81.011,0
USDJPY,2011-05-12,81.026,81.311,80.69,81.01,0
USDJPY,2011-05-13,81.07,81.07,80.38,81.04,0
USDJPY,2011-05-16,80.81,81.041,80.66,80.817,0
USDJPY,2011-05-17,80.77,81.763,80.76,80.782,0
USDJPY,2011-05-18,81.448,81.536,80.938,81.421,0
USDJPY,2011-05-19,81.67,82.213,81.49,81.661,0
USDJPY,2011-05-20,81.704,81.84,81.476,81.714,0
USDJPY,2011-05-23,81.73,82.014,81.3,81.74,0
USDJPY,2011-05-24,81.971,82.18,81.6,81.957,0
USDJPY,2011-05-25,82.06,82.153,81.79,82.048,0
USDJPY,2011-05-26,82.02,82.033,81.176,82.022,0
USDJPY,2011-05-27,81.277,81.286,80.71,81.27,0
USDJPY,2011-05-30,80.833,80.963,80.74,80.831,0
USDJPY,2011-05-31,80.866,81.748,80.712,80.88,0
USDJPY,2011-06-01,81.42,81.476,80.68,81.453,0
USDJPY,2011-06-02,80.91,81.3,80.6,80.894,0
USDJPY,2011-06-03,80.953,80.97,80.06,80.97,0
USDJPY,2011-06-06,80.24,80.37,79.997,80.22,0
USDJPY,2011-06-07,80.13,80.32,80.083,80.12,0
USDJPY,2011-06-08,80.17,80.245,79.71,80.17,0
USDJPY,2011-06-09,79.907,80.289,79.83,79.89,0
USDJPY,2011-06-10,80.278,80.387,79.97,80.29,0
USDJPY,2011-06-13,80.332,80.67,80.14,80.34,0
USDJPY,2011-06-14,80.17,80.599,80.08,80.176,0
USDJPY,2011-06-15,80.541,81.036,80.376,80.54,0
USDJPY,2011-06-16,80.89,81.013,80.494,80.88,0
USDJPY,2011-06-17,80.604,80.67,80.021,80.577,0
USDJPY,2011-06-20,80.055,80.352,80.027,80.076,0
USDJPY,2011-06-21,80.24,80.25,80.05,80.234,0
USDJPY,2011-06-22,80.227,80.312,80.008,80.221,0
USDJPY,2011-06-23,80.38,80.77,80.35,80.383,0
USDJPY,2011-06-24,80.449,80.599,80.131,80.44,0
USDJPY,2011-06-27,80.464,80.965,80.42,80.46,0
USDJPY,2011-06-28,80.85,80.896,80.664,80.85,0
USDJPY,2011-06-29,81.071,81.176,80.556,81.08,0
USDJPY,2011-06-30,80.73,80.809,80.26,80.71,0
USDJPY,2011-07-01,80.619,81.12,80.54,80.6,0
USDJPY,2011-07-04,80.848,80.863,80.54,80.88,0
USDJPY,2011-07-05,80.74,81.181,80.74,80.733,0
USDJPY,2011-07-06,81.08,81.11,80.786,81.07,0
USDJPY,2011-07-07,80.94,81.396,80.79,80.938,0
USDJPY,2011-07-08,81.23,81.459,80.5,81.23,0
USDJPY,2011-07-11,80.65,80.811,80.31,80.65,0
USDJPY,2011-07-12,80.307,80.365,79.252,80.29,0
USDJPY,2011-07-13,79.3,79.551,78.886,79.318,0
USDJPY,2011-07-14,78.91,79.584,78.503,78.92,0
USDJPY,2011-07-15,79.17,79.26,78.9,79.18,0
USDJPY,2011-07-18,79.118,79.141,78.94,79.113,0
USDJPY,2011-07-19,79.05,79.12,78.8,79.05,0
USDJPY,2011-07-20,79.127,79.299,78.709,79.126,0
USDJPY,2011-07-21,78.761,78.997,78.36,78.754,0
USDJPY,2011-07-22,78.565,78.693,78.27,78.584,0
USDJPY,2011-07-25,78.38,78.505,78.04,78.38,0
USDJPY,2011-07-26,78.304,78.379,77.93,78.3,0
USDJPY,2011-07-27,77.914,78.024,77.56,77.914,0
USDJPY,2011-07-28,77.938,78.005,77.6,77.93,0
USDJPY,2011-07-29,77.73,77.84,77.01,77.73,0
USDJPY,2011-08-01,77.21,77.985,76.369,77.213,0
USDJPY,2011-08-02,77.4,77.63,77.079,77.46,0
USDJPY,2011-08-03,77.33,77.39,76.799,77.335,0
USDJPY,2011-08-04,77.109,80.226,77.012,77.112,0
USDJPY,2011-08-05,79.286,79.323,78.34,79.29,0
USDJPY,2011-08-08,78.245,78.39,77.52,78.254,0
USDJPY,2011-08-09,77.578,77.821,76.972,77.585,0
USDJPY,2011-08-10,77.05,77.131,76.348,77.05,0
USDJPY,2011-08-11,76.757,77.199,76.31,76.759,0
USDJPY,2011-08-12,76.86,77.002,76.5,76.86,0
USDJPY,2011-08-15,76.819,77.07,76.58,76.82,0
USDJPY,2011-08-16,76.84,76.919,76.65,76.84,0
USDJPY,2011-08-17,76.76,76.79,76.41,76.754,0
USDJPY,2011-08-18,76.539,76.685,76.44,76.547,0
USDJPY,2011-08-19,76.633,76.884,76.02,76.637,0
USDJPY,2011-08-22,76.78,77.163,76.53,76.786,0
USDJPY,2011-08-23,76.837,76.926,76.46,76.832,0
USDJPY,2011-08-24,76.65,76.862,76.46,76.66,0
USDJPY,2011-08-25,77.037,77.45,76.841,77.053,0
USDJPY,2011-08-26,77.41,77.46,76.5,77.435,0
USDJPY,2011-08-29,76.698,76.998,76.568,76.682,0
USDJPY,2011-08-30,76.947,76.98,76.647,76.933,0
USDJPY,2011-08-31,76.69,76.825,76.422,76.701,0
USDJPY,2011-09-01,76.746,77.191,76.696,76.73,0
USDJPY,2011-09-02,76.859,76.952,76.56,76.86,0
USDJPY,2011-09-05,76.892,76.962,76.68,76.902,0
USDJPY,2011-09-06,76.9,77.563,76.71,76.902,0
USDJPY,2011-09-07,77.62,77.623,77.071,77.618,0
USDJPY,2011-09-08,77.319,77.44,77.13,77.301,0
USDJPY,2011-09-09,77.502,77.845,77.097,77.508,0
USDJPY,2011-09-12,77.47,77.58,76.74,77.463,0
USDJPY,2011-09-13,77.186,77.238,76.78,77.18,0
USDJPY,2011-09-14,76.93,77.018,76.65,76.932,0
USDJPY,2011-09-15,76.67,77.076,76.55,76.677,0
USDJPY,2011-09-16,76.722,76.961,76.66,76.734,0
USDJPY,2011-09-19,76.91,76.969,76.346,76.91,0
USDJPY,2011-09-20,76.57,76.753,76.403,76.596,0
USDJPY,2011-09-21,76.45,76.601,76.134,76.463,0
USDJPY,2011-09-22,76.536,76.93,76.14,76.538,0
USDJPY,2011-09-23,76.307,76.346,76.13,76.306,0
USDJPY,2011-09-26,76.51,76.752,76.23,76.54,0
USDJPY,2011-09-27,76.32,76.69,76.26,76.336,0
USDJPY,2011-09-28,76.821,76.854,76.31,76.808,0
USDJPY,2011-09-29,76.549,76.948,76.411,76.54,0
USDJPY,2011-09-30,76.75,77.13,76.502,76.765,0
USDJPY,2011-10-03,77.21,77.231,76.52,77.19,0
USDJPY,2011-10-04,76.6,76.91,76.51,76.592,0
USDJPY,2011-10-05,76.78,77.036,76.61,76.76,0
USDJPY,2011-10-06,76.782,76.83,76.57,76.782,0
USDJPY,2011-10-07,76.658,76.905,76.58,76.658,0
USDJPY,2011-10-10,76.77,76.84,76.563,76.77,0
USDJPY,2011-10-11,76.668,76.745,76.58,76.66,0
USDJPY,2011-10-12,76.67,77.473,76.356,76.667,0
USDJPY,2011-10-13,77.191,77.22,76.673,77.18,0
USDJPY,2011-10-14,76.898,77.418,76.85,76.88,0
USDJPY,2011-10-17,77.22,77.432,76.64,77.22,0
USDJPY,2011-10-18,76.832,76.871,76.61,76.831,0
USDJPY,2011-10-19,76.77,76.85,76.64,76.777,0
USDJPY,2011-10-20,76.802,77.074,76.66,76.8,0
USDJPY,2011-10-21,76.859,76.9,75.96,76.86,0
USDJPY,2011-10-24,76.24,76.435,76.009,76.21,0
USDJPY,2011-10-25,76.137,76.26,75.762,76.132,0
USDJPY,2011-10-26,76.107,76.15,75.72,76.109,0
USDJPY,2011-10-27,76.188,76.26,75.65,76.184,0
USDJPY,2011-10-28,75.92,75.974,75.68,75.93,0
USDJPY,2011-10-31,75.75,79.52,75.57,75.74,0
USDJPY,2011-11-01,78.324,78.949,78.027,78.308,0
USDJPY,2011-11-02,78.28,78.313,77.964,78.306,0
USDJPY,2011-11-03,78.124,78.158,77.9,78.139,0
USDJPY,2011-11-04,78.03,78.254,77.97,78.053,0
USDJPY,2011-11-07,78.16,78.175,77.98,78.13,0
USDJPY,2011-11-08,78.073,78.08,77.627,78.077,0
USDJPY,2011-11-09,77.717,77.76,77.53,77.708,0
USDJPY,2011-11-10,77.773,77.862,77.52,77.758,0
USDJPY,2011-11-11,77.649,77.661,77.054,77.652,0
USDJPY,2011-11-14,77.143,77.237,76.803,77.156,0
USDJPY,2011-11-15,77.09,77.324,76.909,77.079,0
USDJPY,2011-11-16,77.063,77.13,76.86,77.06,0
USDJPY,2011-11-17,77.08,77.08,76.88,77.061,0
USDJPY,2011-11-18,76.974,77.022,76.561,76.958,0
USDJPY,2011-11-21,76.85,76.97,76.74,76.839,0
USDJPY,2011-11-22,76.93,77.28,76.82,76.9,0
USDJPY,2011-11-23,76.976,77.423,76.92,76.97,0
USDJPY,2011-11-24,77.253,77.253,76.99,77.272,0
USDJPY,2011-11-25,77.171,77.728,77.16,77.166,0
USDJPY,2011-11-28,77.668,78.224,77.57,77.667,0
USDJPY,2011-11-29,78.078,78.278,77.62,78.081,0
USDJPY,2011-11-30,77.969,78.15,77.324,77.96,0
USDJPY,2011-12-01,77.563,77.8,77.48,77.583,0
USDJPY,2011-12-02,77.756,78.008,77.72,77.75,0
USDJPY,2011-12-05,78.09,78.09,77.783,78.08,0
USDJPY,2011-12-06,77.8,77.845,77.64,77.812,0
USDJPY,2011-12-07,77.74,77.778,77.62,77.75,0
USDJPY,2011-12-08,77.65,77.69,77.163,77.673,0
USDJPY,2011-12-09,77.679,77.77,77.54,77.68,0
USDJPY,2011-12-12,77.61,77.988,77.583,77.612,0
USDJPY,2011-12-13,77.926,77.951,77.64,77.939,0
USDJPY,2011-12-14,77.97,78.14,77.9,77.961,0
USDJPY,2011-12-15,78.1,78.12,77.71,78.108,0
USDJPY,2011-12-16,77.815,77.955,77.73,77.84,0
USDJPY,2011-12-19,77.81,78.149,77.787,77.81,0
USDJPY,2011-12-20,78.004,78.055,77.717,78.01,0
USDJPY,2011-12-21,77.84,77.935,77.682,77.84,0
USDJPY,2011-12-22,78.07,78.19,77.994,78.07,0
USDJPY,2011-12-23,78.16,78.22,77.99,78.16,0
USDJPY,2011-12-26,78.08,78.1,77.87,78.08,0
USDJPY,2011-12-27,77.988,78.01,77.78,78.03,0
USDJPY,2011-12-28,77.866,77.9,77.559,77.87,0
USDJPY,2011-12-29,77.93,77.93,77.67,77.946,0
USDJPY,2011-12-30,77.659,77.73,76.953,77.659,0
USDJPY,2012-01-02,77.05,77.09,76.87,77.02,0
USDJPY,2012-01-03,76.934,76.954,76.653,76.93,0
USDJPY,2012-01-04,76.732,76.814,76.6,76.722,0
USDJPY,2012-01-05,76.711,77.13,76.67,76.71,0
USDJPY,2012-01-06,77.159,77.309,77.016,77.151,0
USDJPY,2012-01-09,76.933,77.0,76.759,76.91,0
USDJPY,2012-01-10,76.87,76.901,76.76,76.86,0
USDJPY,2012-01-11,76.849,77.032,76.847,76.85,0
USDJPY,2012-01-12,76.871,76.973,76.671,76.858,0
USDJPY,2012-01-13,76.78,76.996,76.65,76.779,0
USDJPY,2012-01-16,76.92,76.92,76.67,76.91,0
USDJPY,2012-01-17,76.81,76.87,76.569,76.82,0
USDJPY,2012-01-18,76.81,76.862,76.64,76.82,0
USDJPY,2012-01-19,76.78,77.07,76.69,76.767,0
USDJPY,2012-01-20,77.076,77.29,77.057,77.08,0
USDJPY,2012-01-23,76.97,77.076,76.859,76.96,0
USDJPY,2012-01-24,76.989,77.83,76.94,77.0,0
USDJPY,2012-01-25,77.67,78.28,77.67,77.687,0
USDJPY,2012-01-26,77.782,77.802,77.293,77.77,0
USDJPY,2012-01-27,77.463,77.463,76.707,77.46,0
USDJPY,2012-01-30,76.73,76.773,76.3,76.732,0
USDJPY,2012-01-31,76.38,76.41,76.15,76.36,0
USDJPY,2012-02-01,76.38,76.41,76.15,76.27,0
USDJPY,2012-02-02,76.2,76.2,76.05,76.189,0
USDJPY,2012-02-03,76.18,76.73,76.13,76.18,0
USDJPY,2012-02-06,76.55,76.79,76.489,76.551,0
USDJPY,2012-02-07,76.55,76.942,76.519,76.55,0
USDJPY,2012-02-08,76.767,77.17,76.74,76.79,0
USDJPY,2012-02-09,77.057,77.409,77.033,77.06,0
USDJPY,2012-02-10,77.652,77.81,77.536,77.632,0
USDJPY,2012-02-13,77.693,77.775,77.39,77.7,0
USDJPY,2012-02-14,77.502,78.44,77.502,77.51,0
USDJPY,2012-02-15,78.392,78.63,78.197,78.36,0
USDJPY,2012-02-16,78.49,78.926,78.352,78.48,0
USDJPY,2012-02-17,78.835,79.38,78.821,78.824,0
USDJPY,2012-02-20,79.79,79.79,79.367,79.788,0
USDJPY,2012-02-21,79.6,79.84,79.55,79.586,0
USDJPY,2012-02-22,79.84,80.368,79.76,79.83,0
USDJPY,2012-02-23,80.258,80.335,80.04,80.28,0
USDJPY,2012-02-24,79.943,80.771,79.937,79.93,0
USDJPY,2012-02-27,81.47,81.47,80.146,81.471,0
USDJPY,2012-02-28,80.47,80.778,80.032,80.464,0
USDJPY,2012-02-29,80.48,80.862,80.24,80.48,0
USDJPY,2012-03-01,81.28,81.32,80.859,81.276,0
USDJPY,2012-03-02,81.08,81.69,81.08,81.12,0
USDJPY,2012-03-05,81.586,81.776,81.16,81.627,0
USDJPY,2012-03-06,81.531,81.57,80.72,81.518,0
USDJPY,2012-03-07,80.62,80.955,80.586,80.66,0
USDJPY,2012-03-08,81.32,81.72,81.18,81.338,0
USDJPY,2012-03-09,81.583,82.479,81.478,81.58,0
USDJPY,2012-03-12,82.36,82.42,82.1,82.373,0
USDJPY,2012-03-13,82.374,82.85,81.986,82.363,0
USDJPY,2012-03-14,82.963,83.76,82.957,82.96,0
USDJPY,2012-03-15,83.812,84.152,83.197,83.84,0
USDJPY,2012-03-16,83.495,83.938,83.243,83.492,0
USDJPY,2012-03-19,83.44,83.55,83.02,83.45,0
USDJPY,2012-03-20,83.378,83.815,83.33,83.37,0
USDJPY,2012-03-21,83.67,84.081,83.537,83.65,0
USDJPY,2012-03-22,83.192,83.451,82.55,83.203,0
USDJPY,2012-03-23,82.522,82.934,82.02,82.51,0
USDJPY,2012-03-26,82.581,82.982,82.55,82.589,0
USDJPY,2012-03-27,83.015,83.375,82.653,82.987,0
USDJPY,2012-03-28,83.058,83.173,82.63,83.048,0
USDJPY,2012-03-29,82.827,82.865,81.978,82.832,0
USDJPY,2012-03-30,82.292,82.422,81.85,82.273,0
USDJPY,2012-04-02,82.865,83.281,81.912,82.87,0
USDJPY,2012-04-03,81.666,82.392,81.666,81.54,0
USDJPY,2012-04-04,82.842,82.93,82.103,82.83,0
USDJPY,2012-04-05,82.416,82.43,81.83,82.44,0
USDJPY,2012-04-06,82.2,82.54,81.356,82.27,0
USDJPY,2012-04-09,81.282,81.536,81.22,81.33,0
USDJPY,2012-04-10,81.636,81.84,80.85,81.643,0
USDJPY,2012-04-11,80.67,81.107,80.584,80.694,0
USDJPY,2012-04-12,80.998,81.114,80.804,81.008,0
USDJPY,2012-04-13,80.92,81.168,80.84,80.93,0
USDJPY,2012-04-16,80.91,80.98,80.33,80.902,0
USDJPY,2012-04-17,80.39,80.791,80.366,80.381,0
USDJPY,2012-04-18,81.06,81.546,81.006,81.06,0
USDJPY,2012-04-19,81.31,81.717,81.28,81.3,0
USDJPY,2012-04-20,81.626,81.772,81.49,81.609,0
USDJPY,2012-04-23,81.6,81.6,80.97,81.6,0
USDJPY,2012-04-24,81.08,81.253,80.847,81.08,0
USDJPY,2012-04-25,81.386,81.554,81.099,81.39,0
USDJPY,2012-04-26,81.321,81.408,80.67,81.3,0
USDJPY,2012-04-27,81.067,81.417,80.41,81.058,0
USDJPY,2012-04-30,80.35,80.37,79.724,80.35,0
USDJPY,2012-05-01,79.93,80.288,79.63,79.921,0
USDJPY,2012-05-02,80.22,80.581,80.049,80.21,0
USDJPY,2012-05-03,80.12,80.529,80.099,80.121,0
USDJPY,2012-05-04,80.212,80.368,79.81,80.21,0
USDJPY,2012-05-07,79.819,79.974,79.72,79.818,0
USDJPY,2012-05-08,79.912,80.072,79.701,79.92,0
USDJPY,2012-05-09,79.871,79.93,79.437,79.86,0
USDJPY,2012-05-10,79.699,79.966,79.594,79.71,0
USDJPY,2012-05-11,79.893,79.985,79.737,79.869,0
USDJPY,2012-05-14,80.02,80.17,79.678,80.03,0
USDJPY,2012-05-15,79.866,80.134,79.8,79.85,0
USDJPY,2012-05-16,80.31,80.54,80.27,80.325,0
USDJPY,2012-05-17,80.368,80.372,79.2,80.35,0
USDJPY,2012-05-18,79.404,79.46,79.039,79.408,0
USDJPY,2012-05-21,79.161,79.439,79.114,79.17,0
USDJPY,2012-05-22,79.41,79.98,79.299,79.41,0
USDJPY,2012-05-23,80.002,80.046,79.23,80.004,0
USDJPY,2012-05-24,79.457,79.55,79.336,79.42,0
USDJPY,2012-05-25,79.662,79.815,79.486,79.66,0
USDJPY,2012-05-28,79.592,79.618,79.326,79.59,0
USDJPY,2012-05-29,79.58,79.63,79.383,79.561,0
USDJPY,2012-05-30,79.517,79.56,78.859,79.5,0
USDJPY,2012-05-31,78.966,78.975,78.214,78.982,0
USDJPY,2012-06-01,78.537,78.622,77.66,78.528,0
USDJPY,2012-06-04,78.063,78.355,77.97,78.1,0
USDJPY,2012-06-05,78.348,78.897,78.146,78.361,0
USDJPY,2012-06-06,78.73,79.258,78.613,78.73,0
USDJPY,2012-06-07,79.271,79.763,79.209,79.27,0
USDJPY,2012-06-08,79.699,79.71,79.128,79.69,0
USDJPY,2012-06-11,79.56,79.72,79.351,79.56,0
USDJPY,2012-06-12,79.312,79.68,79.159,79.307,0
USDJPY,2012-06-13,79.531,79.735,79.32,79.527,0
USDJPY,2012-06-14,79.377,79.46,79.163,79.372,0
USDJPY,2012-06-15,79.41,79.492,78.606,79.422,0
USDJPY,2012-06-18,79.066,79.288,78.866,79.052,0
USDJPY,2012-06-19,79.019,79.045,78.851,79.0,0
USDJPY,2012-06-20,79.06,79.565,78.781,79.034,0
USDJPY,2012-06-21,79.424,80.301,79.38,79.421,0
USDJPY,2012-06-22,80.06,80.557,80.057,80.02,0
USDJPY,2012-06-25,80.567,80.567,79.431,80.56,0
USDJPY,2012-06-26,79.64,79.782,79.245,79.65,0
USDJPY,2012-06-27,79.452,79.85,79.357,79.46,0
USDJPY,2012-06-28,79.68,79.68,79.22,79.685,0
USDJPY,2012-06-29,79.305,79.951,79.17,79.313,0
USDJPY,2012-07-02,79.849,79.852,79.305,79.839,0
USDJPY,2012-07-03,79.443,79.918,79.429,79.44,0
USDJPY,2012-07-04,79.85,79.87,79.596,79.84,0
USDJPY,2012-07-05,79.934,80.093,79.564,79.94,0
USDJPY,2012-07-06,79.857,80.01,79.502,79.86,0
USDJPY,2012-07-09,79.492,79.736,79.468,79.478,0
USDJPY,2012-07-10,79.567,79.567,79.208,79.558,0
USDJPY,2012-07-11,79.34,79.742,79.13,79.35,0
USDJPY,2012-07-12,79.593,79.84,79.18,79.61,0
USDJPY,2012-07-13,79.307,79.39,79.116,79.31,0
USDJPY,2012-07-16,79.18,79.2,78.701,79.17,0
USDJPY,2012-07-17,78.83,79.161,78.807,78.82,0
USDJPY,2012-07-18,79.085,79.111,78.78,79.096,0
USDJPY,2012-07-19,78.794,78.794,78.468,78.799,0
USDJPY,2012-07-20,78.728,78.8,78.466,78.74,0
USDJPY,2012-07-23,78.47,78.47,77.97,78.45,0
USDJPY,2012-07-24,78.269,78.334,78.1,78.311,0
USDJPY,2012-07-25,78.122,78.275,78.06,78.107,0
USDJPY,2012-07-26,78.113,78.27,78.036,78.103,0
USDJPY,2012-07-27,78.308,78.63,78.06,78.324,0
USDJPY,2012-07-30,78.49,78.52,78.112,78.5,0
USDJPY,2012-07-31,78.121,78.3,78.03,78.101,0
USDJPY,2012-08-01,78.117,78.25,77.92,78.12,0
USDJPY,2012-08-02,78.369,78.527,78.14,78.38,0
USDJPY,2012-08-03,78.22,78.76,78.06,78.22,0
USDJPY,2012-08-06,78.6,78.6,78.15,78.61,0
USDJPY,2012-08-07,78.2,78.721,78.147,78.2,0
USDJPY,2012-08-08,78.61,78.627,78.23,78.61,0
USDJPY,2012-08-09,78.407,78.78,78.283,78.4,0
USDJPY,2012-08-10,78.58,78.633,78.157,78.61,0
USDJPY,2012-08-13,78.25,78.359,78.153,78.25,0
USDJPY,2012-08-14,78.32,78.912,78.316,78.33,0
USDJPY,2012-08-15,78.83,79.047,78.616,78.815,0
USDJPY,2012-08-16,78.994,79.382,78.99,78.99,0
USDJPY,2012-08-17,79.26,79.56,79.224,79.25,0
USDJPY,2012-08-20,79.52,79.647,79.318,79.51,0
USDJPY,2012-08-21,79.34,79.52,79.24,79.33,0
USDJPY,2012-08-22,79.253,79.353,79.147,79.242,0
USDJPY,2012-08-23,78.52,78.681,78.358,78.539,0
USDJPY,2012-08-24,78.59,78.7,78.44,78.6,0
USDJPY,2012-08-27,78.694,78.839,78.64,78.73,0
USDJPY,2012-08-28,78.75,78.762,78.448,78.75,0
USDJPY,2012-08-29,78.557,78.78,78.469,78.57,0
USDJPY,2012-08-30,78.73,78.73,78.486,78.72,0
USDJPY,2012-08-31,78.529,78.6,78.222,78.53,0
USDJPY,2012-09-03,78.3,78.392,78.198,78.29,0
USDJPY,2012-09-04,78.328,78.46,78.288,78.339,0
USDJPY,2012-09-05,78.468,78.525,78.291,78.47,0
USDJPY,2012-09-06,78.41,79.011,78.36,78.42,0
USDJPY,2012-09-07,78.89,79.004,78.024,78.89,0
USDJPY,2012-09-10,78.243,78.32,78.181,78.219,0
USDJPY,2012-09-11,78.23,78.24,77.728,78.226,0
USDJPY,2012-09-12,77.763,77.959,77.744,77.75,0
USDJPY,2012-09-13,77.808,77.83,77.37,77.83,0
USDJPY,2012-09-14,77.64,78.33,77.512,77.648,0
USDJPY,2012-09-17,78.328,78.912,78.157,78.333,0
USDJPY,2012-09-18,78.664,78.759,78.52,78.673,0
USDJPY,2012-09-19,78.766,79.2,78.253,78.77,0
USDJPY,2012-09-20,78.39,78.44,78.01,78.397,0
USDJPY,2012-09-21,78.203,78.358,78.12,78.2,0
USDJPY,2012-09-24,78.113,78.15,77.82,78.08,0
USDJPY,2012-09-25,77.86,77.92,77.65,77.864,0
USDJPY,2012-09-26,77.727,77.865,77.58,77.728,0
USDJPY,2012-09-27,77.685,77.736,77.594,77.698,0
USDJPY,2012-09-28,77.61,77.963,77.431,77.61,0
USDJPY,2012-10-01,77.96,78.13,77.766,77.959,0
USDJPY,2012-10-02,78.048,78.19,77.966,78.041,0
USDJPY,2012-10-03,78.201,78.583,78.121,78.215,0
USDJPY,2012-10-04,78.44,78.712,78.37,78.415,0
USDJPY,2012-10-05,78.514,78.857,78.28,78.484,0
USDJPY,2012-10-08,78.691,78.691,78.08,78.702,0
USDJPY,2012-10-09,78.289,78.43,78.139,78.286,0
USDJPY,2012-10-10,78.213,78.368,78.159,78.219,0
USDJPY,2012-10-11,78.07,78.574,77.929,78.075,0
USDJPY,2012-10-12,78.41,78.52,78.267,78.402,0
USDJPY,2012-10-15,78.476,78.837,78.31,78.468,0
USDJPY,2012-10-16,78.774,78.953,78.718,78.789,0
USDJPY,2012-10-17,78.859,78.859,78.59,78.825,0
USDJPY,2012-10-18,79.05,79.443,78.994,79.06,0
USDJPY,2012-10-19,79.316,79.406,79.101,79.308,0
USDJPY,2012-10-22,79.25,79.867,79.21,79.257,0
USDJPY,2012-10-23,79.977,79.977,79.705,79.99,0
USDJPY,2012-10-24,79.832,79.914,79.701,79.82,0
USDJPY,2012-10-25,79.82,80.326,79.81,79.838,0
USDJPY,2012-10-26,80.209,80.26,79.487,80.235,0
USDJPY,2012-10-29,79.611,79.781,79.531,79.65,0
USDJPY,2012-10-30,79.764,79.994,79.284,79.764,0
USDJPY,2012-10-31,79.67,79.95,79.509,79.684,0
USDJPY,2012-11-01,79.86,80.164,79.84,79.86,0
USDJPY,2012-11-02,80.216,80.664,80.186,80.22,0
USDJPY,2012-11-05,80.496,80.562,80.19,80.5,0
USDJPY,2012-11-06,80.15,80.311,79.97,80.16,0
USDJPY,2012-11-07,80.281,80.396,79.8,80.29,0
USDJPY,2012-11-08,79.97,79.999,79.77,79.97,0
USDJPY,2012-11-09,79.463,79.607,79.075,79.479,0
USDJPY,2012-11-12,79.464,79.55,79.347,79.46,0
USDJPY,2012-11-13,79.604,79.635,79.198,79.598,0
USDJPY,2012-11-14,79.451,80.31,79.39,79.46,0
USDJPY,2012-11-15,80.19,81.424,80.13,80.2,0
USDJPY,2012-11-16,81.111,81.29,80.907,81.12,0
USDJPY,2012-11-19,81.555,81.568,81.078,81.526,0
USDJPY,2012-11-20,81.359,81.72,81.13,81.35,0
USDJPY,2012-11-21,81.735,82.517,81.729,81.755,0
USDJPY,2012-11-22,82.575,82.83,82.27,82.574,0
USDJPY,2012-11-23,82.369,82.48,82.074,82.359,0
USDJPY,2012-11-26,82.56,82.61,81.927,82.546,0
USDJPY,2012-11-27,81.888,82.304,81.888,81.873,0
USDJPY,2012-11-28,82.093,82.21,81.707,82.08,0
USDJPY,2012-11-29,82.163,82.207,81.918,82.15,0
USDJPY,2012-11-30,82.142,82.729,82.05,82.151,0
USDJPY,2012-12-03,82.454,82.458,82.001,82.456,0
USDJPY,2012-12-04,82.15,82.175,81.8,82.133,0
USDJPY,2012-12-05,81.817,82.323,81.807,81.816,0
USDJPY,2012-12-06,82.43,82.6,82.311,82.436,0
USDJPY,2012-12-07,82.45,82.805,82.218,82.43,0
USDJPY,2012-12-10,82.57,82.584,82.118,82.56,0
USDJPY,2012-12-11,82.37,82.541,82.298,82.35,0
USDJPY,2012-12-12,82.527,82.933,82.493,82.52,0
USDJPY,2012-12-13,83.217,83.66,83.187,83.21,0
USDJPY,2012-12-14,83.673,83.955,83.347,83.667,0
USDJPY,2012-12-17,84.123,84.142,83.6,84.158,0
USDJPY,2012-12-18,83.926,84.061,83.81,83.903,0
USDJPY,2012-12-19,84.352,84.609,84.208,84.361,0
USDJPY,2012-12-20,84.204,84.423,83.87,84.226,0
USDJPY,2012-12-21,84.42,84.435,83.862,84.42,0
USDJPY,2012-12-24,84.409,84.761,84.314,84.41,0
USDJPY,2012-12-25,84.78,84.88,84.676,84.84,0
USDJPY,2012-12-26,85.02,85.62,84.758,85.0,0
USDJPY,2012-12-27,85.677,86.124,85.602,85.668,0
USDJPY,2012-12-28,86.499,86.537,85.94,86.507,0
USDJPY,2012-12-31,85.961,86.464,85.86,85.96,0
USDJPY,2013-01-01,86.642,86.75,86.64,86.72,0
USDJPY,2013-01-02,86.61,87.3,86.532,86.6,0
USDJPY,2013-01-03,87.251,87.302,86.773,87.275,0
USDJPY,2013-01-04,87.704,88.381,87.557,87.74,0
USDJPY,2013-01-07,88.208,88.214,87.614,88.198,0
USDJPY,2013-01-08,87.278,87.74,87.039,87.253,0
USDJPY,2013-01-09,86.907,87.86,86.907,86.868,0
USDJPY,2013-01-10,88.116,88.314,87.99,88.133,0
USDJPY,2013-01-11,89.29,89.409,88.75,89.246,0
USDJPY,2013-01-14,89.492,89.63,89.072,89.523,0
USDJPY,2013-01-15,89.45,89.617,88.305,89.46,0
USDJPY,2013-01-16,88.746,88.76,87.799,88.75,0
USDJPY,2013-01-17,88.667,89.543,88.14,88.63,0
USDJPY,2013-01-18,89.81,90.161,89.637,89.821,0
USDJPY,2013-01-21,90.174,90.174,89.357,90.181,0
USDJPY,2013-01-22,89.626,90.027,88.375,89.6,0
USDJPY,2013-01-23,88.528,88.761,88.05,88.529,0
USDJPY,2013-01-24,88.57,89.983,88.407,88.58,0
USDJPY,2013-01-25,90.54,91.18,90.289,90.558,0
USDJPY,2013-01-28,91.181,91.181,90.554,91.179,0
USDJPY,2013-01-29,90.43,90.99,90.333,90.46,0
USDJPY,2013-01-30,90.77,91.398,90.749,90.79,0
USDJPY,2013-01-31,91.0,91.221,90.739,91.021,0
USDJPY,2013-02-01,91.7,92.553,91.614,91.707,0
USDJPY,2013-02-04,92.772,93.17,92.518,92.77,0
USDJPY,2013-02-05,92.15,93.502,92.119,92.153,0
USDJPY,2013-02-06,93.57,94.025,93.308,93.57,0
USDJPY,2013-02-07,93.43,93.9,93.093,93.435,0
USDJPY,2013-02-08,93.608,93.712,92.201,93.633,0
USDJPY,2013-02-11,92.54,93.494,92.45,92.535,0
USDJPY,2013-02-12,94.18,94.388,92.979,94.191,0
USDJPY,2013-02-13,93.3,93.75,92.828,93.305,0
USDJPY,2013-02-14,93.222,93.699,92.96,93.256,0
USDJPY,2013-02-15,92.95,93.797,92.22,92.957,0
USDJPY,2013-02-18,93.75,94.182,93.702,93.722,0
USDJPY,2013-02-19,93.61,93.904,93.358,93.65,0
USDJPY,2013-02-20,93.708,93.752,93.14,93.708,0
USDJPY,2013-02-21,93.65,93.848,92.81,93.66,0
USDJPY,2013-02-22,93.15,93.485,92.92,93.15,0
USDJPY,2013-02-25,94.231,94.302,93.695,94.22,0
USDJPY,2013-02-26,92.36,92.733,91.424,92.397,0
USDJPY,2013-02-27,92.1,92.238,91.186,92.11,0
USDJPY,2013-02-28,92.31,92.651,92.003,92.303,0
USDJPY,2013-03-01,92.57,93.472,92.452,92.582,0
USDJPY,2013-03-04,93.553,93.718,93.281,93.564,0
USDJPY,2013-03-05,93.397,93.505,92.93,93.401,0
USDJPY,2013-03-06,93.27,93.657,93.02,93.289,0
USDJPY,2013-03-07,93.92,94.74,93.81,93.927,0
USDJPY,2013-03-08,94.898,96.487,94.843,94.928,0
USDJPY,2013-03-11,96.185,96.233,95.98,96.17,0
USDJPY,2013-03-12,96.63,96.677,95.646,96.619,0
USDJPY,2013-03-13,95.83,96.239,95.48,95.82,0
USDJPY,2013-03-14,96.02,96.564,95.704,96.02,0
USDJPY,2013-03-15,95.95,96.257,95.16,95.962,0
USDJPY,2013-03-18,94.911,95.18,94.32,94.889,0
USDJPY,2013-03-19,95.344,95.718,94.77,95.343,0
USDJPY,2013-03-20,95.06,95.64,94.832,95.05,0
USDJPY,2013-03-21,95.93,96.024,95.073,95.955,0
USDJPY,2013-03-22,94.91,95.055,94.221,94.91,0
USDJPY,2013-03-25,94.849,94.95,94.364,94.828,0
USDJPY,2013-03-26,93.942,94.44,93.87,93.963,0
USDJPY,2013-03-27,94.62,94.881,94.072,94.635,0
USDJPY,2013-03-28,94.31,94.424,93.87,94.316,0
USDJPY,2013-03-29,94.183,94.255,93.992,94.19,0
USDJPY,2013-04-01,94.262,94.346,93.18,94.282,0
USDJPY,2013-04-02,93.16,93.529,92.615,93.18,0
USDJPY,2013-04-03,93.33,93.672,92.8,93.362,0
USDJPY,2013-04-04,92.859,96.4,92.738,92.889,0
USDJPY,2013-04-05,96.429,97.2,95.817,96.437,0
USDJPY,2013-04-08,98.785,99.016,98.3,98.751,0
USDJPY,2013-04-09,99.32,99.486,98.639,99.28,0
USDJPY,2013-04-10,98.982,99.694,98.923,98.95,0
USDJPY,2013-04-11,99.663,99.76,99.143,99.666,0
USDJPY,2013-04-12,99.638,99.72,98.727,99.621,0
USDJPY,2013-04-15,98.441,98.684,97.623,98.406,0
USDJPY,2013-04-16,96.801,98.151,96.589,96.8,0
USDJPY,2013-04-17,97.607,98.42,97.524,97.61,0
USDJPY,2013-04-18,98.06,98.502,97.64,98.029,0
USDJPY,2013-04-19,98.222,99.329,98.115,98.203,0
USDJPY,2013-04-22,99.814,99.88,99.066,99.797,0
USDJPY,2013-04-23,99.187,99.516,98.497,99.16,0
USDJPY,2013-04-24,99.636,99.731,99.21,99.677,0
USDJPY,2013-04-25,99.418,99.553,99.0,99.42,0
USDJPY,2013-04-26,99.328,99.35,97.561,99.342,0
USDJPY,2013-04-29,97.864,98.152,97.363,97.842,0
USDJPY,2013-04-30,97.882,98.113,97.078,97.864,0
USDJPY,2013-05-01,97.26,97.661,97.026,97.269,0
USDJPY,2013-05-02,97.12,98.347,97.099,97.132,0
USDJPY,2013-05-03,97.94,99.217,97.939,97.946,0
USDJPY,2013-05-06,99.106,99.439,99.04,99.1,0
USDJPY,2013-05-07,99.364,99.372,98.86,99.344,0
USDJPY,2013-05-08,98.78,99.127,98.61,98.776,0
USDJPY,2013-05-09,98.871,99.379,98.639,98.878,0
USDJPY,2013-05-10,100.838,101.949,100.742,100.765,0
USDJPY,2013-05-13,101.94,102.029,101.516,101.923,0
USDJPY,2013-05-14,101.67,102.261,101.29,101.667,0
USDJPY,2013-05-15,102.183,102.76,101.901,102.21,0
USDJPY,2013-05-16,102.213,102.676,101.85,102.258,0
USDJPY,2013-05-17,102.118,103.088,102.113,102.135,0
USDJPY,2013-05-20,102.732,102.88,102.333,102.701,0
USDJPY,2013-05-21,102.157,102.872,102.157,102.166,0
USDJPY,2013-05-22,102.435,103.548,102.36,102.442,0
USDJPY,2013-05-23,103.177,103.55,100.877,103.176,0
USDJPY,2013-05-24,102.414,102.557,100.876,102.41,0
USDJPY,2013-05-27,101.101,101.194,100.755,101.061,0
USDJPY,2013-05-28,101.117,102.484,101.117,101.105,0
USDJPY,2013-05-29,102.505,102.505,100.747,102.446,0
USDJPY,2013-05-30,100.953,101.782,100.5,100.916,0
USDJPY,2013-05-31,101.095,101.261,100.277,101.1,0
USDJPY,2013-06-03,100.474,100.707,98.863,100.476,0
USDJPY,2013-06-04,99.726,100.398,99.353,99.738,0
USDJPY,2013-06-05,100.258,100.414,99.072,100.25,0
USDJPY,2013-06-06,99.02,99.451,97.399,98.952,0
USDJPY,2013-06-07,97.356,97.773,95.206,97.327,0
USDJPY,2013-06-10,98.276,99.27,97.73,98.238,0
USDJPY,2013-06-11,98.844,98.963,96.579,98.849,0
USDJPY,2013-06-12,96.106,97.011,95.196,96.102,0
USDJPY,2013-06-13,95.93,95.93,93.825,95.929,0
USDJPY,2013-06-14,95.514,95.657,94.163,95.494,0
USDJPY,2013-06-17,94.259,95.106,94.181,94.242,0
USDJPY,2013-06-18,94.68,95.753,94.441,94.68,0
USDJPY,2013-06-19,95.51,95.64,94.83,95.517,0
USDJPY,2013-06-20,96.617,98.239,96.211,96.59,0
USDJPY,2013-06-21,97.147,98.114,96.857,97.141,0
USDJPY,2013-06-24,98.42,98.694,97.237,98.423,0
USDJPY,2013-06-25,97.506,98.04,97.039,97.531,0
USDJPY,2013-06-26,98.18,98.22,97.259,98.147,0
USDJPY,2013-06-27,97.8,98.566,97.59,97.77,0
USDJPY,2013-06-28,98.468,99.397,98.459,98.476,0
USDJPY,2013-07-01,99.411,99.84,99.187,99.38,0
USDJPY,2013-07-02,99.654,100.438,99.5,99.657,0
USDJPY,2013-07-03,100.759,100.836,99.258,100.733,0
USDJPY,2013-07-04,99.962,100.132,99.494,99.956,0
USDJPY,2013-07-05,100.25,101.096,99.905,100.22,0
USDJPY,2013-07-08,101.372,101.524,100.931,101.386,0
USDJPY,2013-07-09,100.842,101.29,100.836,100.85,0
USDJPY,2013-07-10,101.151,101.199,99.77,101.153,0
USDJPY,2013-07-11,98.552,99.59,98.298,98.551,0
USDJPY,2013-07-12,99.044,99.678,98.708,99.04,0
USDJPY,2013-07-15,99.203,100.454,99.073,99.197,0
USDJPY,2013-07-16,99.941,100.054,99.25,99.946,0
USDJPY,2013-07-17,99.16,99.924,99.081,99.16,0
USDJPY,2013-07-18,99.672,100.65,99.479,99.66,0
USDJPY,2013-07-19,100.5,100.853,99.87,100.522,0
USDJPY,2013-07-22,100.349,100.349,99.331,100.389,0
USDJPY,2013-07-23,99.313,100.17,99.214,99.324,0
USDJPY,2013-07-24,99.501,100.396,99.432,99.497,0
USDJPY,2013-07-25,100.416,100.416,99.456,100.452,0
USDJPY,2013-07-26,99.247,99.353,97.984,99.275,0
USDJPY,2013-07-29,97.981,98.191,97.64,97.96,0
USDJPY,2013-07-30,98.062,98.449,97.764,98.043,0
USDJPY,2013-07-31,97.992,98.462,97.591,98.016,0
USDJPY,2013-08-01,97.843,99.371,97.648,97.833,0
USDJPY,2013-08-02,99.436,99.93,98.672,99.42,0
USDJPY,2013-08-05,98.892,99.144,98.283,98.935,0
USDJPY,2013-08-06,98.264,98.571,97.546,98.232,0
USDJPY,2013-08-07,97.297,97.504,96.424,97.308,0
USDJPY,2013-08-08,96.56,96.926,95.807,96.57,0
USDJPY,2013-08-09,96.763,96.94,96.18,96.74,0
USDJPY,2013-08-12,96.023,96.902,96.013,96.044,0
USDJPY,2013-08-13,97.172,98.24,97.146,97.2,0
USDJPY,2013-08-14,98.119,98.42,97.868,98.153,0
USDJPY,2013-08-15,97.813,98.601,97.59,97.853,0
USDJPY,2013-08-16,97.095,97.736,97.095,97.055,0
USDJPY,2013-08-19,97.664,98.108,97.36,97.667,0
USDJPY,2013-08-20,97.617,97.851,96.9,97.579,0
USDJPY,2013-08-21,97.303,97.741,97.122,97.31,0
USDJPY,2013-08-22,97.794,98.777,97.768,97.81,0
USDJPY,2013-08-23,98.871,99.125,98.41,98.879,0
USDJPY,2013-08-26,98.708,98.828,98.272,98.705,0
USDJPY,2013-08-27,98.267,98.383,97.156,98.258,0
USDJPY,2013-08-28,96.91,97.802,96.91,96.892,0
USDJPY,2013-08-29,97.736,98.506,97.457,97.728,0
USDJPY,2013-08-30,98.286,98.452,97.906,98.292,0
USDJPY,2013-09-02,98.354,99.4,98.354,98.385,0
USDJPY,2013-09-03,99.572,99.859,99.182,99.57,0
USDJPY,2013-09-04,99.58,99.793,99.332,99.554,0
USDJPY,2013-09-05,99.732,100.148,99.596,99.728,0
USDJPY,2013-09-06,100.1,100.11,98.584,100.116,0
USDJPY,2013-09-09,100.019,100.045,99.34,99.977,0
USDJPY,2013-09-10,99.723,100.443,99.47,99.719,0
USDJPY,2013-09-11,100.304,100.58,99.896,100.285,0
USDJPY,2013-09-12,99.806,99.881,99.09,99.83,0
USDJPY,2013-09-13,99.552,99.971,99.26,99.578,0
USDJPY,2013-09-16,99.017,99.1,98.648,99.015,0
USDJPY,2013-09-17,99.091,99.376,99.05,99.07,0
USDJPY,2013-09-18,99.125,99.328,98.81,99.128,0
USDJPY,2013-09-19,98.229,99.55,98.0,98.21,0
USDJPY,2013-09-20,99.394,99.65,99.172,99.39,0
USDJPY,2013-09-23,99.28,99.294,98.66,99.277,0
USDJPY,2013-09-24,98.77,99.16,98.5,98.74,0
USDJPY,2013-09-25,98.73,98.794,98.393,98.745,0
USDJPY,2013-09-26,98.442,99.117,98.275,98.435,0
USDJPY,2013-09-27,98.899,98.977,98.193,98.905,0
USDJPY,2013-09-30,97.799,98.301,97.509,97.827,0
USDJPY,2013-10-01,98.386,98.693,97.668,98.4,0
USDJPY,2013-10-02,97.934,98.07,97.15,97.926,0
USDJPY,2013-10-03,97.346,97.861,97.036,97.3,0
USDJPY,2013-10-04,97.254,97.373,96.968,97.259,0
USDJPY,2013-10-07,97.256,97.273,96.821,97.29,0
USDJPY,2013-10-09,96.916,97.46,96.916,96.901,0
USDJPY,2013-10-10,97.475,98.2,97.461,97.479,0
USDJPY,2013-10-11,98.24,98.545,98.212,98.185,0
USDJPY,2013-10-14,98.335,98.335,98.09,98.314,0
USDJPY,2013-10-15,98.639,98.69,98.36,98.65,0
USDJPY,2013-10-16,98.563,98.936,98.249,98.544,0
USDJPY,2013-10-17,98.966,98.979,97.733,98.94,0
USDJPY,2013-10-18,97.977,98.15,97.55,97.99,0
USDJPY,2013-10-21,97.963,98.237,97.916,97.927,0
USDJPY,2013-10-22,98.193,98.48,97.914,98.194,0
USDJPY,2013-10-23,98.12,98.184,97.17,98.133,0
USDJPY,2013-10-24,97.4,97.599,97.177,97.42,0
USDJPY,2013-10-25,97.386,97.475,96.958,97.385,0
USDJPY,2013-10-28,97.613,97.776,97.456,97.57,0
USDJPY,2013-10-29,97.627,98.073,97.46,97.62,0
USDJPY,2013-10-30,98.185,98.31,98.101,98.194,0
USDJPY,2013-10-31,98.476,98.498,98.121,98.507,0
USDJPY,2013-11-01,98.332,98.832,97.83,98.321,0
USDJPY,2013-11-04,98.704,98.826,98.58,98.692,0
USDJPY,2013-11-05,98.63,98.634,98.17,98.627,0
USDJPY,2013-11-06,98.458,98.74,98.406,98.456,0
USDJPY,2013-11-07,98.653,99.391,98.555,98.65,0
USDJPY,2013-11-08,98.165,99.202,97.992,98.171,0
USDJPY,2013-11-11,99.198,99.297,98.924,99.199,0
USDJPY,2013-11-12,99.153,99.791,99.146,99.138,0
USDJPY,2013-11-13,99.577,99.652,99.3,99.617,0
USDJPY,2013-11-14,99.218,100.123,99.12,99.218,0
USDJPY,2013-11-15,100.208,100.425,99.968,100.24,0
USDJPY,2013-11-18,100.333,100.333,99.8,100.354,0
USDJPY,2013-11-19,99.843,100.223,99.56,99.863,0
USDJPY,2013-11-20,100.144,100.205,99.801,100.181,0
USDJPY,2013-11-21,100.238,101.06,100.162,100.207,0
USDJPY,2013-11-22,101.278,101.348,100.955,101.319,0
USDJPY,2013-11-25,101.269,101.897,101.139,101.29,0
USDJPY,2013-11-26,101.388,101.642,101.336,101.35,0
USDJPY,2013-11-27,101.23,102.161,101.23,101.234,0
USDJPY,2013-11-28,102.201,102.363,101.943,102.21,0
USDJPY,2013-11-29,102.276,102.582,102.12,102.292,0
USDJPY,2013-12-02,102.484,103.01,102.23,102.471,0
USDJPY,2013-12-03,102.948,103.369,102.364,102.933,0
USDJPY,2013-12-04,102.342,102.814,102.237,102.351,0
USDJPY,2013-12-05,102.361,102.43,101.85,102.404,0
USDJPY,2013-12-06,101.727,102.888,101.72,101.742,0
USDJPY,2013-12-09,103.107,103.164,102.888,103.131,0
USDJPY,2013-12-10,103.257,103.38,102.614,103.266,0
USDJPY,2013-12-11,102.792,102.93,102.35,102.798,0
USDJPY,2013-12-12,102.506,103.077,102.458,102.508,0
USDJPY,2013-12-13,103.523,103.908,102.988,103.54,0
USDJPY,2013-12-16,103.25,103.255,102.67,103.27,0
USDJPY,2013-12-17,103.008,103.093,102.73,103.027,0
USDJPY,2013-12-18,102.641,103.261,102.638,102.624,0
USDJPY,2013-12-19,104.222,104.328,103.823,104.213,0
USDJPY,2013-12-20,104.294,104.632,104.02,104.276,0
USDJPY,2013-12-23,104.02,104.094,103.775,104.03,0
USDJPY,2013-12-24,104.155,104.404,104.137,104.176,0
USDJPY,2013-12-25,104.262,104.48,104.2,104.3,0
USDJPY,2013-12-26,104.511,104.83,104.511,104.524,0
USDJPY,2013-12-27,104.913,104.998,104.65,104.879,0
USDJPY,2013-12-30,105.298,105.403,105.027,105.32,0
USDJPY,2013-12-31,104.918,105.123,104.85,104.934,0
USDJPY,2014-01-01,105.3,105.3,105.26,105.3,0
USDJPY,2014-01-02,105.317,105.43,104.715,105.324,0
USDJPY,2014-01-03,104.824,104.858,104.072,104.833,0
USDJPY,2014-01-06,104.9,104.925,104.16,104.912,0
USDJPY,2014-01-07,104.221,104.712,104.202,104.21,0
USDJPY,2014-01-08,104.698,105.109,104.653,104.712,0
USDJPY,2014-01-09,104.838,105.041,104.76,104.844,0
USDJPY,2014-01-10,104.82,105.058,103.866,104.83,0
USDJPY,2014-01-13,103.919,104.021,103.023,103.949,0
USDJPY,2014-01-14,103.11,103.746,103.022,103.116,0
USDJPY,2014-01-15,104.159,104.578,104.083,104.179,0
USDJPY,2014-01-16,104.592,104.918,104.15,104.571,0
USDJPY,2014-01-17,104.317,104.463,104.2,104.295,0
USDJPY,2014-01-20,104.245,104.253,103.866,104.238,0
USDJPY,2014-01-21,104.247,104.741,104.189,104.225,0
USDJPY,2014-01-22,104.221,104.539,103.989,104.223,0
USDJPY,2014-01-23,104.65,104.813,103.491,104.635,0
USDJPY,2014-01-24,103.345,103.575,102.009,103.37,0
USDJPY,2014-01-27,102.073,102.911,102.073,102.05,0
USDJPY,2014-01-28,102.665,103.245,102.532,102.661,0
USDJPY,2014-01-29,103.232,103.359,102.03,103.231,0
USDJPY,2014-01-30,102.24,102.78,102.088,102.3,0
USDJPY,2014-01-31,102.728,102.908,102.015,102.758,0
USDJPY,2014-02-03,102.238,102.394,101.256,102.192,0
USDJPY,2014-02-04,101.157,101.567,100.784,101.142,0
USDJPY,2014-02-05,101.67,101.672,100.821,101.689,0
USDJPY,2014-02-06,101.462,101.98,101.248,101.466,0
USDJPY,2014-02-07,102.03,102.528,101.545,102.039,0
USDJPY,2014-02-10,102.481,102.512,101.994,102.524,0
USDJPY,2014-02-11,102.135,102.627,102.072,102.133,0
USDJPY,2014-02-12,102.519,102.636,102.233,102.52,0
USDJPY,2014-02-13,102.463,102.518,101.71,102.469,0
USDJPY,2014-02-14,102.169,102.386,101.587,102.188,0
USDJPY,2014-02-17,101.563,101.965,101.399,101.564,0
USDJPY,2014-02-18,102.057,102.738,101.759,102.062,0
USDJPY,2014-02-19,102.302,102.317,101.848,102.332,0
USDJPY,2014-02-20,102.296,102.394,101.688,102.311,0
USDJPY,2014-02-21,102.325,102.799,102.325,102.312,0
USDJPY,2014-02-24,102.53,102.665,102.174,102.513,0
USDJPY,2014-02-25,102.502,102.618,102.022,102.482,0
USDJPY,2014-02-26,102.14,102.395,102.107,102.15,0
USDJPY,2014-02-27,102.293,102.383,101.733,102.299,0
USDJPY,2014-02-28,102.116,102.256,101.568,102.11,0
USDJPY,2014-03-03,101.329,101.534,101.2,101.305,0
USDJPY,2014-03-04,101.422,102.12,101.422,101.412,0
USDJPY,2014-03-05,102.192,102.534,102.11,102.178,0
USDJPY,2014-03-06,102.361,103.151,102.324,102.367,0
USDJPY,2014-03-07,103.047,103.73,102.84,103.032,0
USDJPY,2014-03-10,103.183,103.39,102.936,103.19,0
USDJPY,2014-03-11,103.252,103.403,103.168,103.236,0
USDJPY,2014-03-12,102.853,103.087,102.565,102.84,0
USDJPY,2014-03-13,102.82,102.852,102.147,102.783,0
USDJPY,2014-03-14,101.76,101.841,101.21,101.78,0
USDJPY,2014-03-17,101.358,101.862,101.345,101.33,0
USDJPY,2014-03-18,101.89,101.93,101.331,101.859,0
USDJPY,2014-03-19,101.475,101.682,101.295,101.44,0
USDJPY,2014-03-20,102.432,102.531,102.203,102.468,0
USDJPY,2014-03-21,102.402,102.402,102.025,102.407,0
USDJPY,2014-03-24,102.261,102.63,102.16,102.241,0
USDJPY,2014-03-25,102.23,102.459,102.1,102.207,0
USDJPY,2014-03-26,102.3,102.456,102.24,102.285,0
USDJPY,2014-03-27,101.915,102.41,101.74,101.903,0
USDJPY,2014-03-28,102.155,102.934,102.032,102.147,0
USDJPY,2014-03-31,102.855,103.425,102.794,102.889,0
USDJPY,2014-04-01,103.22,103.592,103.088,103.214,0
USDJPY,2014-04-02,103.627,103.929,103.589,103.633,0
USDJPY,2014-04-03,103.827,104.09,103.81,103.867,0
USDJPY,2014-04-04,103.893,104.113,103.303,103.896,0
USDJPY,2014-04-07,103.324,103.332,103.0,103.32,0
USDJPY,2014-04-08,103.058,103.058,102.064,103.069,0
USDJPY,2014-04-09,101.943,102.14,101.758,101.955,0
USDJPY,2014-04-10,102.117,102.13,101.349,102.107,0
USDJPY,2014-04-11,101.36,101.856,101.335,101.38,0
USDJPY,2014-04-14,101.488,101.989,101.415,101.442,0
USDJPY,2014-04-15,101.902,101.976,101.559,101.904,0
USDJPY,2014-04-16,101.87,102.362,101.87,101.877,0
USDJPY,2014-04-17,102.189,102.27,101.877,102.201,0
USDJPY,2014-04-18,102.44,102.56,102.36,102.443,0
USDJPY,2014-04-21,102.555,102.69,102.495,102.56,0
USDJPY,2014-04-22,102.687,102.723,102.417,102.67,0
USDJPY,2014-04-23,102.619,102.683,102.19,102.621,0
USDJPY,2014-04-24,102.478,102.638,102.1,102.48,0
USDJPY,2014-04-25,102.31,102.481,101.97,102.302,0
USDJPY,2014-04-28,102.096,102.6,102.053,102.105,0
USDJPY,2014-04-29,102.507,102.77,102.466,102.516,0
USDJPY,2014-04-30,102.557,102.605,102.051,102.564,0
USDJPY,2014-05-01,102.242,102.342,102.13,102.22,0
USDJPY,2014-05-02,102.281,102.994,102.16,102.266,0
USDJPY,2014-05-05,102.199,102.217,101.86,102.2,0
USDJPY,2014-05-06,102.142,102.15,101.5,102.14,0
USDJPY,2014-05-07,101.722,101.967,101.428,101.693,0
USDJPY,2014-05-08,101.866,101.95,101.589,101.872,0
USDJPY,2014-05-09,101.599,101.84,101.55,101.593,0
USDJPY,2014-05-12,101.87,102.16,101.849,101.9,0
USDJPY,2014-05-13,102.178,102.354,102.048,102.185,0
USDJPY,2014-05-14,102.215,102.216,101.72,102.232,0
USDJPY,2014-05-15,101.765,102.112,101.355,101.815,0
USDJPY,2014-05-16,101.487,101.627,101.36,101.499,0
USDJPY,2014-05-19,101.538,101.59,101.1,101.542,0
USDJPY,2014-05-20,101.47,101.59,101.22,101.5,0
USDJPY,2014-05-21,101.26,101.538,100.83,101.262,0
USDJPY,2014-05-22,101.42,101.79,101.35,101.42,0
USDJPY,2014-05-23,101.78,101.958,101.61,101.765,0
USDJPY,2014-05-26,101.978,102.035,101.838,101.962,0
USDJPY,2014-05-27,101.88,102.123,101.72,101.894,0
USDJPY,2014-05-28,101.969,102.018,101.659,101.977,0
USDJPY,2014-05-29,101.724,101.77,101.439,101.73,0
USDJPY,2014-05-30,101.71,101.833,101.5,101.72,0
USDJPY,2014-06-02,101.87,102.333,101.861,101.876,0
USDJPY,2014-06-03,102.42,102.49,102.27,102.42,0
USDJPY,2014-06-04,102.56,102.79,102.443,102.54,0
USDJPY,2014-06-05,102.677,102.709,102.356,102.681,0
USDJPY,2014-06-06,102.414,102.604,102.13,102.423,0
USDJPY,2014-06-09,102.512,102.59,102.36,102.48,0
USDJPY,2014-06-10,102.478,102.499,102.2,102.48,0
USDJPY,2014-06-11,102.3,102.387,101.868,102.314,0
USDJPY,2014-06-12,102.001,102.135,101.809,102.0,0
USDJPY,2014-06-13,101.72,102.137,101.72,101.7,0
USDJPY,2014-06-16,101.958,101.966,101.72,101.967,0
USDJPY,2014-06-17,101.876,102.23,101.86,101.87,0
USDJPY,2014-06-18,102.166,102.302,102.05,102.174,0
USDJPY,2014-06-19,101.912,101.99,101.73,101.89,0
USDJPY,2014-06-20,101.913,102.182,101.8,101.93,0
USDJPY,2014-06-23,102.1,102.127,101.81,102.066,0
USDJPY,2014-06-24,101.871,102.166,101.81,101.87,0
USDJPY,2014-06-25,101.913,101.949,101.62,101.91,0
USDJPY,2014-06-26,101.812,101.82,101.505,101.8,0
USDJPY,2014-06-27,101.64,101.64,101.31,101.637,0
USDJPY,2014-06-30,101.436,101.456,101.24,101.443,0
USDJPY,2014-07-01,101.28,101.586,101.28,101.29,0
USDJPY,2014-07-02,101.55,101.78,101.39,101.54,0
USDJPY,2014-07-03,101.829,102.258,101.77,101.83,0
USDJPY,2014-07-04,102.197,102.213,101.97,102.18,0
USDJPY,2014-07-07,102.107,102.192,101.819,102.11,0
USDJPY,2014-07-08,101.81,101.85,101.48,101.8,0
USDJPY,2014-07-09,101.46,101.732,101.45,101.46,0
USDJPY,2014-07-10,101.543,101.563,101.071,101.535,0
USDJPY,2014-07-11,101.3,101.38,101.209,101.283,0
USDJPY,2014-07-14,101.35,101.621,101.336,101.37,0
USDJPY,2014-07-15,101.537,101.736,101.476,101.52,0
USDJPY,2014-07-16,101.68,101.784,101.63,101.66,0
USDJPY,2014-07-17,101.631,101.655,101.281,101.63,0
USDJPY,2014-07-18,101.211,101.44,101.185,101.23,0
USDJPY,2014-07-21,101.343,101.374,101.19,101.34,0
USDJPY,2014-07-22,101.419,101.586,101.341,101.4,0
USDJPY,2014-07-23,101.47,101.534,101.319,101.47,0
USDJPY,2014-07-24,101.52,101.827,101.406,101.52,0
USDJPY,2014-07-25,101.76,101.932,101.7,101.76,0
USDJPY,2014-07-28,101.749,101.896,101.746,101.749,0
USDJPY,2014-07-29,101.81,102.124,101.81,101.81,0
USDJPY,2014-07-30,102.069,102.909,102.03,102.076,0
USDJPY,2014-07-31,102.84,102.99,102.718,102.84,0
USDJPY,2014-08-01,102.766,102.996,102.368,102.773,0
USDJPY,2014-08-04,102.57,102.719,102.406,102.563,0
USDJPY,2014-08-05,102.54,102.916,102.46,102.542,0
USDJPY,2014-08-06,102.59,102.613,102.256,102.589,0
USDJPY,2014-08-07,102.135,102.444,102.031,102.113,0
USDJPY,2014-08-08,102.114,102.14,101.51,102.129,0
USDJPY,2014-08-11,102.151,102.182,102.017,102.155,0
USDJPY,2014-08-12,102.213,102.356,102.098,102.205,0
USDJPY,2014-08-13,102.27,102.529,102.222,102.282,0
USDJPY,2014-08-14,102.422,102.64,102.3,102.408,0
USDJPY,2014-08-15,102.499,102.696,102.159,102.496,0
USDJPY,2014-08-18,102.4,102.59,102.24,102.41,0
USDJPY,2014-08-19,102.61,102.868,102.534,102.61,0
USDJPY,2014-08-20,102.938,103.401,102.89,102.91,0
USDJPY,2014-08-21,103.701,103.95,103.616,103.701,0
USDJPY,2014-08-22,103.845,104.184,103.504,103.849,0
USDJPY,2014-08-25,104.19,104.247,103.865,104.201,0
USDJPY,2014-08-26,104.07,104.15,103.755,104.07,0
USDJPY,2014-08-27,104.085,104.15,103.774,104.09,0
USDJPY,2014-08-28,103.867,103.867,103.56,103.878,0
USDJPY,2014-08-29,103.708,104.02,103.681,103.696,0
USDJPY,2014-09-01,104.169,104.295,104.09,104.168,0
USDJPY,2014-09-02,104.339,105.195,104.326,104.34,0
USDJPY,2014-09-03,105.208,105.296,104.847,105.237,0
USDJPY,2014-09-04,104.874,105.24,104.773,104.871,0
USDJPY,2014-09-05,105.57,105.576,104.695,105.582,0
USDJPY,2014-09-08,105.149,105.67,104.997,105.18,0
USDJPY,2014-09-09,106.094,106.38,105.958,106.16,0
USDJPY,2014-09-10,106.127,106.82,106.038,106.123,0
USDJPY,2014-09-11,106.831,107.193,106.66,106.826,0
USDJPY,2014-09-12,107.098,107.393,107.055,107.105,0
USDJPY,2014-09-15,107.33,107.36,107.02,107.33,0
USDJPY,2014-09-16,107.138,107.325,106.876,107.138,0
USDJPY,2014-09-17,107.143,107.646,107.13,107.15,0
USDJPY,2014-09-18,108.49,108.94,108.392,108.516,0
USDJPY,2014-09-19,108.801,109.447,108.608,108.8,0
USDJPY,2014-09-22,108.932,109.179,108.67,108.94,0
USDJPY,2014-09-23,108.74,108.925,108.277,108.75,0
USDJPY,2014-09-24,108.54,108.981,108.494,108.542,0
USDJPY,2014-09-25,109.321,109.344,108.527,109.316,0
USDJPY,2014-09-26,108.62,109.312,108.495,108.61,0
USDJPY,2014-09-29,109.403,109.738,109.136,109.411,0
USDJPY,2014-09-30,109.412,109.837,109.202,109.39,0
USDJPY,2014-10-01,109.622,110.058,109.25,109.66,0
USDJPY,2014-10-02,108.981,109.066,108.1,109.02,0
USDJPY,2014-10-03,108.528,109.88,108.528,108.523,0
USDJPY,2014-10-06,109.778,109.778,109.034,109.802,0
USDJPY,2014-10-07,108.898,109.21,108.106,108.868,0
USDJPY,2014-10-08,108.053,108.532,107.84,108.072,0
USDJPY,2014-10-09,108.147,108.305,107.53,108.127,0
USDJPY,2014-10-10,107.855,108.143,107.628,107.83,0
USDJPY,2014-10-13,107.34,107.559,107.062,107.338,0
USDJPY,2014-10-14,107.07,107.292,106.699,107.063,0
USDJPY,2014-10-15,107.26,107.475,105.641,107.314,0
USDJPY,2014-10-16,106.02,106.329,105.5,105.98,0
USDJPY,2014-10-17,106.38,106.765,106.138,106.405,0
USDJPY,2014-10-20,107.126,107.375,106.791,107.144,0
USDJPY,2014-10-21,106.91,106.91,106.27,106.91,0
USDJPY,2014-10-22,107.011,107.359,106.808,107.021,0
USDJPY,2014-10-23,107.118,108.187,107.11,107.148,0
USDJPY,2014-10-24,108.115,108.266,107.789,108.161,0
USDJPY,2014-10-27,108.151,108.154,107.656,108.202,0
USDJPY,2014-10-28,107.851,108.162,107.72,107.843,0
USDJPY,2014-10-29,108.12,108.233,107.948,108.112,0
USDJPY,2014-10-30,108.836,109.298,108.807,108.846,0
USDJPY,2014-10-31,109.223,112.463,109.197,109.213,0
USDJPY,2014-11-03,112.822,114.185,112.59,112.841,0
USDJPY,2014-11-04,113.687,113.768,113.197,113.648,0
USDJPY,2014-11-05,113.512,114.813,113.468,113.48,0
USDJPY,2014-11-06,114.65,115.466,114.111,114.655,0
USDJPY,2014-11-07,115.192,115.461,114.502,115.176,0
USDJPY,2014-11-10,114.525,114.749,113.876,114.533,0
USDJPY,2014-11-11,114.781,116.072,114.633,114.753,0
USDJPY,2014-11-12,115.702,115.857,114.952,115.721,0
USDJPY,2014-11-13,115.626,115.857,115.358,115.57,0
USDJPY,2014-11-14,115.83,116.809,115.75,115.824,0
USDJPY,2014-11-17,116.825,116.825,115.48,116.896,0
USDJPY,2014-11-18,116.626,116.999,116.387,116.646,0
USDJPY,2014-11-19,116.857,117.756,116.857,116.869,0
USDJPY,2014-11-20,118.139,118.969,117.776,118.148,0
USDJPY,2014-11-21,118.24,118.24,117.381,118.236,0
USDJPY,2014-11-24,117.73,118.472,117.597,117.744,0
USDJPY,2014-11-25,118.408,118.424,117.694,118.454,0
USDJPY,2014-11-26,117.82,117.882,117.444,117.801,0
USDJPY,2014-11-27,117.616,117.822,117.26,117.63,0
USDJPY,2014-11-28,117.872,118.684,117.86,117.84,0
USDJPY,2014-12-01,118.874,119.085,117.89,118.864,0
USDJPY,2014-12-02,118.342,119.286,118.22,118.308,0
USDJPY,2014-12-03,119.16,119.744,119.13,119.194,0
USDJPY,2014-12-04,119.879,120.198,119.693,119.861,0
USDJPY,2014-12-05,119.781,121.671,119.696,119.812,0
USDJPY,2014-12-08,121.595,121.669,120.68,121.561,0
USDJPY,2014-12-09,120.66,120.995,118.001,120.65,0
USDJPY,2014-12-10,119.423,119.908,118.319,119.342,0
USDJPY,2014-12-11,117.657,119.431,117.47,117.709,0
USDJPY,2014-12-12,119.002,119.178,118.09,119.007,0
USDJPY,2014-12-15,118.111,119.011,117.983,118.165,0
USDJPY,2014-12-16,117.752,117.946,115.58,117.741,0
USDJPY,2014-12-17,116.547,117.497,116.464,116.613,0
USDJPY,2014-12-18,118.744,119.288,118.263,118.796,0
USDJPY,2014-12-19,118.903,119.489,118.83,118.938,0
USDJPY,2014-12-22,119.495,119.992,119.318,119.497,0
USDJPY,2014-12-23,120.142,120.788,120.044,120.15,0
USDJPY,2014-12-24,120.676,120.699,120.277,120.69,0
USDJPY,2014-12-25,120.399,120.459,119.999,120.459,0
USDJPY,2014-12-26,120.412,120.456,120.16,120.37,0
USDJPY,2014-12-29,120.406,120.679,120.18,120.424,0
USDJPY,2014-12-30,120.62,120.664,118.897,120.632,0
USDJPY,2014-12-31,119.475,119.86,119.249,119.458,0
USDJPY,2015-01-01,119.673,119.673,119.673,119.673,0
USDJPY,2015-01-02,119.89,120.736,119.836,119.87,0
USDJPY,2015-01-05,120.389,120.608,119.411,120.434,0
USDJPY,2015-01-06,119.416,119.497,118.68,119.425,0
USDJPY,2015-01-07,118.674,119.639,118.674,118.673,0
USDJPY,2015-01-08,119.316,119.941,119.19,119.289,0
USDJPY,2015-01-09,119.764,119.843,118.779,119.792,0
USDJPY,2015-01-12,118.223,119.291,118.109,118.212,0
USDJPY,2015-01-13,118.285,118.838,117.741,118.328,0
USDJPY,2015-01-14,117.78,117.913,116.096,117.795,0
USDJPY,2015-01-15,117.439,117.934,116.299,117.39,0
USDJPY,2015-01-16,116.112,117.73,115.865,116.13,0
USDJPY,2015-01-19,117.528,117.664,116.935,117.56,0
USDJPY,2015-01-20,117.74,118.754,117.701,117.712,0
USDJPY,2015-01-21,118.628,118.747,117.194,118.649,0
USDJPY,2015-01-22,117.84,118.33,117.277,117.86,0
USDJPY,2015-01-23,118.71,118.71,117.55,118.751,0
USDJPY,2015-01-26,117.38,118.479,117.38,117.361,0
USDJPY,2015-01-27,118.508,118.651,117.34,118.52,0
USDJPY,2015-01-28,117.818,118.243,117.566,117.775,0
USDJPY,2015-01-29,117.628,118.155,117.568,117.592,0
USDJPY,2015-01-30,118.248,118.273,117.404,118.248,0
USDJPY,2015-02-02,117.185,117.859,117.168,117.184,0
USDJPY,2015-02-03,117.602,117.72,116.896,117.575,0
USDJPY,2015-02-04,117.676,117.983,117.26,117.646,0
USDJPY,2015-02-05,117.314,117.542,117.033,117.288,0
USDJPY,2015-02-06,117.52,119.132,117.18,117.535,0
USDJPY,2015-02-09,118.957,119.033,118.446,118.97,0
USDJPY,2015-02-10,118.614,119.588,118.398,118.563,0
USDJPY,2015-02-11,119.348,120.402,119.286,119.358,0
USDJPY,2015-02-12,120.193,120.369,118.895,120.17,0
USDJPY,2015-02-13,118.881,119.184,118.438,118.916,0
USDJPY,2015-02-16,118.625,118.764,118.383,118.57,0
USDJPY,2015-02-17,118.506,119.103,118.244,118.492,0
USDJPY,2015-02-18,119.183,119.393,118.915,119.208,0
USDJPY,2015-02-19,118.724,119.155,118.482,118.689,0
USDJPY,2015-02-20,119.003,119.075,118.307,118.988,0
USDJPY,2015-02-23,119.074,119.34,118.817,119.076,0
USDJPY,2015-02-24,118.9,119.833,118.87,118.903,0
USDJPY,2015-02-25,118.845,119.04,118.62,118.892,0
USDJPY,2015-02-26,118.828,119.382,118.676,118.822,0
USDJPY,2015-02-27,119.404,119.541,119.127,119.377,0
USDJPY,2015-03-02,119.845,120.133,119.671,119.826,0
USDJPY,2015-03-03,120.198,120.198,119.416,120.204,0
USDJPY,2015-03-04,119.605,119.81,119.478,119.637,0
USDJPY,2015-03-05,119.638,120.377,119.62,119.651,0
USDJPY,2015-03-06,120.066,121.267,119.898,120.045,0
USDJPY,2015-03-09,120.71,121.249,120.606,120.739,0
USDJPY,2015-03-10,121.427,121.996,120.96,121.408,0
USDJPY,2015-03-11,121.06,121.61,121.026,121.038,0
USDJPY,2015-03-12,121.445,121.653,120.723,121.411,0
USDJPY,2015-03-13,121.302,121.555,121.167,121.318,0
USDJPY,2015-03-16,121.33,121.41,121.08,121.343,0
USDJPY,2015-03-17,121.373,121.507,121.145,121.367,0
USDJPY,2015-03-18,121.289,121.398,120.78,121.28,0
USDJPY,2015-03-19,120.079,120.972,119.698,120.064,0
USDJPY,2015-03-20,120.74,121.179,120.258,120.762,0
USDJPY,2015-03-23,120.013,120.149,119.599,120.027,0
USDJPY,2015-03-24,119.741,119.981,119.25,119.75,0
USDJPY,2015-03-25,119.77,119.812,119.248,119.791,0
USDJPY,2015-03-26,119.506,119.508,118.33,119.518,0
USDJPY,2015-03-27,119.214,119.482,118.938,119.183,0
USDJPY,2015-03-30,119.24,120.132,119.122,119.25,0
USDJPY,2015-03-31,120.029,120.33,119.797,120.013,0
USDJPY,2015-04-01,119.952,120.3,119.417,120.022,0
USDJPY,2015-04-02,119.576,119.858,119.448,119.574,0
USDJPY,2015-04-03,119.696,119.753,118.723,119.697,0
USDJPY,2015-04-06,118.854,119.163,118.832,118.823,0
USDJPY,2015-04-07,119.488,120.443,119.449,119.477,0
USDJPY,2015-04-08,120.28,120.306,119.66,120.29,0
USDJPY,2015-04-09,120.09,120.396,119.855,120.094,0
USDJPY,2015-04-10,120.55,120.616,120.066,120.55,0
USDJPY,2015-04-13,120.191,120.833,119.832,120.209,0
USDJPY,2015-04-14,120.058,120.061,119.068,120.059,0
USDJPY,2015-04-15,119.46,119.732,119.145,119.457,0
USDJPY,2015-04-16,119.141,119.459,118.79,119.143,0
USDJPY,2015-04-17,119.054,119.235,118.56,119.044,0
USDJPY,2015-04-20,118.834,119.351,118.547,118.818,0
USDJPY,2015-04-21,119.227,119.824,119.227,119.195,0
USDJPY,2015-04-22,119.641,119.938,119.35,119.633,0
USDJPY,2015-04-23,119.964,120.078,119.601,119.95,0
USDJPY,2015-04-24,119.58,119.62,118.892,119.571,0
USDJPY,2015-04-27,118.915,119.431,118.775,118.927,0
USDJPY,2015-04-28,119.132,119.183,118.78,119.126,0
USDJPY,2015-04-29,118.83,119.355,118.77,118.823,0
USDJPY,2015-04-30,118.976,119.875,118.507,118.97,0
USDJPY,2015-05-01,119.492,120.269,119.492,119.452,0
USDJPY,2015-05-04,120.132,120.271,119.998,120.136,0
USDJPY,2015-05-05,120.107,120.496,119.736,120.1,0
USDJPY,2015-05-06,119.93,120.039,119.238,119.922,0
USDJPY,2015-05-07,119.388,119.783,119.059,119.397,0
USDJPY,2015-05-08,119.716,120.219,119.626,119.709,0
USDJPY,2015-05-11,119.827,120.077,119.712,119.78,0
USDJPY,2015-05-12,120.118,120.27,119.795,120.131,0
USDJPY,2015-05-13,119.875,119.952,119.02,119.835,0
USDJPY,2015-05-14,119.196,119.326,118.89,119.16,0
USDJPY,2015-05-15,119.206,119.921,119.17,119.191,0
USDJPY,2015-05-18,119.353,119.883,119.344,119.33,0
USDJPY,2015-05-19,119.923,120.711,119.85,119.9,0
USDJPY,2015-05-20,120.662,121.376,120.662,120.652,0
USDJPY,2015-05-21,121.198,121.245,120.851,121.212,0
USDJPY,2015-05-22,121.046,121.558,120.644,121.039,0
USDJPY,2015-05-25,121.56,121.763,121.44,121.571,0
USDJPY,2015-05-26,121.644,123.311,121.644,121.6,0
USDJPY,2015-05-27,122.99,123.845,122.792,122.986,0
USDJPY,2015-05-28,123.708,124.445,123.505,123.74,0
USDJPY,2015-05-29,123.803,124.162,123.608,123.82,0
USDJPY,2015-06-01,124.245,124.664,123.888,124.193,0
USDJPY,2015-06-02,124.864,125.009,123.775,124.847,0
USDJPY,2015-06-03,124.06,124.666,123.79,124.036,0
USDJPY,2015-06-04,124.319,124.662,123.802,124.304,0
USDJPY,2015-06-05,124.359,125.822,124.359,124.38,0
USDJPY,2015-06-08,125.602,125.602,124.97,125.629,0
USDJPY,2015-06-09,124.598,124.723,123.9,124.563,0
USDJPY,2015-06-10,124.383,124.618,122.522,124.339,0
USDJPY,2015-06-11,122.92,124.07,122.871,122.866,0
USDJPY,2015-06-12,123.598,123.811,123.172,123.581,0
USDJPY,2015-06-15,123.345,123.647,123.302,123.29,0
USDJPY,2015-06-16,123.436,123.731,123.308,123.42,0
USDJPY,2015-06-17,123.444,124.29,123.35,123.439,0
USDJPY,2015-06-18,123.555,123.563,122.52,123.53,0
USDJPY,2015-06-19,123.031,123.208,122.569,123.002,0
USDJPY,2015-06-22,122.79,123.353,122.57,122.751,0
USDJPY,2015-06-23,123.414,124.167,123.368,123.379,0
USDJPY,2015-06-24,123.872,124.357,123.7,123.86,0
USDJPY,2015-06-25,123.86,123.949,123.338,123.851,0
USDJPY,2015-06-26,123.601,123.976,123.228,123.598,0
USDJPY,2015-06-29,122.466,123.179,122.348,122.612,0
USDJPY,2015-06-30,122.711,122.711,122.004,122.67,0
USDJPY,2015-07-01,122.408,123.214,122.38,122.386,0
USDJPY,2015-07-02,123.318,123.662,122.954,123.32,0
USDJPY,2015-07-03,123.054,123.17,122.601,123.059,0
USDJPY,2015-07-06,122.394,122.89,122.187,122.407,0
USDJPY,2015-07-07,122.652,122.869,122.05,122.611,0
USDJPY,2015-07-08,122.534,122.534,120.515,122.49,0
USDJPY,2015-07-09,120.901,121.56,120.58,120.862,0
USDJPY,2015-07-10,121.697,122.744,121.532,121.7,0
USDJPY,2015-07-13,122.5,123.51,122.428,122.496,0
USDJPY,2015-07-14,123.581,123.702,122.95,123.57,0
USDJPY,2015-07-15,123.33,123.962,123.265,123.32,0
USDJPY,2015-07-16,123.892,124.172,123.74,123.87,0
USDJPY,2015-07-17,124.163,124.229,123.918,124.149,0
USDJPY,2015-07-20,124.136,124.393,124.08,124.142,0
USDJPY,2015-07-21,124.287,124.473,123.774,124.294,0
USDJPY,2015-07-22,123.866,124.122,123.57,123.86,0
USDJPY,2015-07-23,124.062,124.178,123.697,124.068,0
USDJPY,2015-07-24,123.877,124.09,123.6,123.876,0
USDJPY,2015-07-27,123.76,123.773,123.0,123.763,0
USDJPY,2015-07-28,123.27,123.79,123.075,123.24,0
USDJPY,2015-07-29,123.567,123.899,123.329,123.576,0
USDJPY,2015-07-30,123.959,124.564,123.959,123.94,0
USDJPY,2015-07-31,124.073,124.37,123.514,124.071,0
USDJPY,2015-08-03,124.042,124.268,123.914,124.04,0
USDJPY,2015-08-04,123.943,124.102,123.814,123.945,0
USDJPY,2015-08-05,124.308,124.999,124.029,124.274,0
USDJPY,2015-08-06,124.784,124.941,124.571,124.73,0
USDJPY,2015-08-07,124.755,125.031,124.125,124.734,0
USDJPY,2015-08-10,124.35,124.777,124.28,124.3,0
USDJPY,2015-08-11,124.616,125.052,124.58,124.613,0
USDJPY,2015-08-12,125.08,125.272,123.819,125.07,0
USDJPY,2015-08-13,124.299,124.617,124.1,124.255,0
USDJPY,2015-08-14,124.384,124.518,124.048,124.363,0
USDJPY,2015-08-17,124.378,124.566,124.23,124.35,0
USDJPY,2015-08-18,124.434,124.5,124.19,124.438,0
USDJPY,2015-08-19,124.393,124.464,124.07,124.371,0
USDJPY,2015-08-20,123.922,124.124,123.497,123.897,0
USDJPY,2015-08-21,123.46,123.487,122.02,123.42,0
USDJPY,2015-08-24,121.744,121.917,116.505,121.732,0
USDJPY,2015-08-25,118.832,120.311,118.7,118.884,0
USDJPY,2015-08-26,118.658,119.889,118.658,118.54,0
USDJPY,2015-08-27,119.986,120.876,119.81,120.058,0
USDJPY,2015-08-28,120.982,121.433,120.654,121.003,0
USDJPY,2015-08-31,121.29,121.4,120.882,121.289,0
USDJPY,2015-09-01,121.113,121.113,119.535,121.089,0
USDJPY,2015-09-02,119.723,120.415,119.715,119.715,0
USDJPY,2015-09-03,120.623,120.679,119.709,120.58,0
USDJPY,2015-09-04,120.11,120.11,118.793,120.056,0
USDJPY,2015-09-07,119.149,119.56,118.801,119.164,0
USDJPY,2015-09-08,119.423,120.19,118.87,119.403,0
USDJPY,2015-09-09,120.078,121.186,120.078,120.089,0
USDJPY,2015-09-10,120.234,121.295,119.98,120.278,0
USDJPY,2015-09-11,120.66,120.947,120.392,120.619,0
USDJPY,2015-09-14,120.79,120.79,119.881,120.796,0
USDJPY,2015-09-15,120.32,120.63,119.407,120.36,0
USDJPY,2015-09-16,120.4,120.682,120.109,120.434,0
USDJPY,2015-09-17,120.537,120.975,120.36,120.523,0
USDJPY,2015-09-18,120.073,120.225,119.057,120.046,0
USDJPY,2015-09-21,120.0,120.642,119.725,120.001,0
USDJPY,2015-09-22,120.493,120.526,119.7,120.498,0
USDJPY,2015-09-23,120.091,120.534,119.639,120.08,0
USDJPY,2015-09-24,120.22,120.384,119.221,120.2,0
USDJPY,2015-09-25,120.264,121.23,120.01,120.24,0
USDJPY,2015-09-28,120.35,120.456,119.7,120.368,0
USDJPY,2015-09-29,119.793,120.14,119.26,119.84,0
USDJPY,2015-09-30,119.858,120.335,119.561,119.86,0
USDJPY,2015-10-01,119.869,120.273,119.5,119.859,0
USDJPY,2015-10-02,119.821,120.399,118.7,119.81,0
USDJPY,2015-10-05,120.0,120.355,119.868,119.995,0
USDJPY,2015-10-06,120.45,120.562,120.13,120.461,0
USDJPY,2015-10-07,120.22,120.35,119.753,120.24,0
USDJPY,2015-10-08,119.93,120.098,119.642,119.915,0
USDJPY,2015-10-09,119.924,120.332,119.84,119.929,0
USDJPY,2015-10-12,120.159,120.211,119.904,120.179,0
USDJPY,2015-10-13,120.028,120.03,119.548,120.011,0
USDJPY,2015-10-14,119.742,119.742,119.07,119.72,0
USDJPY,2015-10-15,118.82,119.154,118.081,118.83,0
USDJPY,2015-10-16,119.082,119.629,118.92,119.05,0
USDJPY,2015-10-19,119.24,119.56,119.13,119.27,0
USDJPY,2015-10-20,119.481,119.946,119.41,119.503,0
USDJPY,2015-10-21,119.795,120.082,119.795,119.78,0
USDJPY,2015-10-22,119.861,120.48,119.62,119.842,0
USDJPY,2015-10-23,120.89,121.247,120.252,120.86,0
USDJPY,2015-10-26,121.314,121.314,120.662,121.296,0
USDJPY,2015-10-27,120.957,120.957,120.175,120.949,0
USDJPY,2015-10-28,120.472,120.543,120.278,120.477,0
USDJPY,2015-10-29,120.879,121.154,120.63,120.86,0
USDJPY,2015-10-30,121.036,121.433,120.306,121.0,0
USDJPY,2015-11-02,120.51,120.688,120.26,120.495,0
USDJPY,2015-11-03,120.804,121.22,120.58,120.788,0
USDJPY,2015-11-04,121.08,121.689,121.019,121.095,0
USDJPY,2015-11-05,121.527,121.987,121.391,121.49,0
USDJPY,2015-11-06,121.695,123.175,121.62,121.67,0
USDJPY,2015-11-09,123.194,123.592,123.134,123.2,0
USDJPY,2015-11-10,123.049,123.427,123.043,123.077,0
USDJPY,2015-11-11,123.089,123.2,122.75,123.084,0
USDJPY,2015-11-12,122.745,123.064,122.667,122.757,0
USDJPY,2015-11-13,122.57,122.833,122.482,122.56,0
USDJPY,2015-11-16,122.301,123.165,122.301,122.364,0
USDJPY,2015-11-17,123.26,123.476,123.18,123.266,0
USDJPY,2015-11-18,123.44,123.559,123.22,123.445,0
USDJPY,2015-11-19,123.514,123.549,122.799,123.525,0
USDJPY,2015-11-20,122.9,123.038,122.735,122.912,0
USDJPY,2015-11-23,122.92,123.249,122.8,122.923,0
USDJPY,2015-11-24,122.945,122.945,122.378,122.915,0
USDJPY,2015-11-25,122.515,122.898,122.25,122.505,0
USDJPY,2015-11-26,122.675,122.689,122.5,122.68,0
USDJPY,2015-11-27,122.63,122.772,122.315,122.634,0
USDJPY,2015-11-30,122.82,123.252,122.68,122.83,0
USDJPY,2015-12-01,123.2,123.272,122.66,123.21,0
USDJPY,2015-12-02,122.91,123.441,122.834,122.915,0
USDJPY,2015-12-03,123.22,123.551,122.885,123.226,0
USDJPY,2015-12-04,122.64,123.349,122.46,122.653,0
USDJPY,2015-12-07,123.194,123.47,123.15,123.19,0
USDJPY,2015-12-08,123.3,123.318,122.722,123.28,0
USDJPY,2015-12-09,122.93,123.037,121.844,122.912,0
USDJPY,2015-12-10,121.691,121.852,121.259,121.7,0
USDJPY,2015-12-11,121.703,122.21,120.851,121.71,0
USDJPY,2015-12-14,120.884,121.337,120.648,120.893,0
USDJPY,2015-12-15,121.12,121.724,120.596,121.09,0
USDJPY,2015-12-16,121.671,122.085,121.59,121.675,0
USDJPY,2015-12-17,122.481,122.76,122.228,122.463,0
USDJPY,2015-12-18,122.455,123.339,121.09,122.45,0
USDJPY,2015-12-21,121.293,121.496,121.06,121.3,0
USDJPY,2015-12-22,121.207,121.3,120.729,121.206,0
USDJPY,2015-12-23,121.027,121.045,120.82,121.03,0
USDJPY,2015-12-24,120.94,120.949,120.25,120.935,0
USDJPY,2015-12-25,120.325,120.326,120.039,120.17,0
USDJPY,2015-12-28,120.246,120.625,120.24,120.231,0
USDJPY,2015-12-29,120.335,120.49,120.22,120.35,0
USDJPY,2015-12-30,120.529,120.63,120.35,120.529,0
USDJPY,2015-12-31,120.45,120.49,120.004,120.45,0
USDJPY,2016-01-01,120.288,120.288,120.288,120.288,0
USDJPY,2016-01-04,120.317,120.448,118.72,120.311,0
USDJPY,2016-01-05,119.474,119.68,118.801,119.467,0
USDJPY,2016-01-06,119.1,119.15,118.26,119.102,0
USDJPY,2016-01-07,118.609,118.753,117.364,118.61,0
USDJPY,2016-01-08,117.53,118.71,117.512,117.54,0
USDJPY,2016-01-11,117.073,117.992,117.009,117.08,0
USDJPY,2016-01-12,117.681,118.044,117.24,117.65,0
USDJPY,2016-01-13,117.831,118.363,117.78,117.83,0
USDJPY,2016-01-14,117.4,118.161,117.31,117.425,0
USDJPY,2016-01-15,118.223,118.256,116.65,118.203,0
USDJPY,2016-01-18,117.01,117.434,116.931,116.99,0
USDJPY,2016-01-19,117.397,118.1,117.267,117.384,0
USDJPY,2016-01-20,117.56,117.56,116.017,117.565,0
USDJPY,2016-01-21,117.208,117.458,116.478,117.134,0
USDJPY,2016-01-22,117.925,118.637,117.56,117.924,0
USDJPY,2016-01-25,118.56,118.844,118.182,118.572,0
USDJPY,2016-01-26,118.235,118.595,117.666,118.228,0
USDJPY,2016-01-27,118.384,118.739,118.053,118.38,0
USDJPY,2016-01-28,118.482,118.987,118.41,118.467,0
USDJPY,2016-01-29,118.93,121.661,118.52,118.93,0
USDJPY,2016-02-01,121.342,121.402,120.699,121.34,0
USDJPY,2016-02-02,120.854,121.0,120.2,120.84,0
USDJPY,2016-02-03,119.85,120.038,117.579,119.856,0
USDJPY,2016-02-04,118.164,118.17,116.819,118.12,0
USDJPY,2016-02-05,116.852,117.359,116.52,116.866,0
USDJPY,2016-02-08,116.949,117.52,115.583,116.95,0
USDJPY,2016-02-09,115.65,115.65,114.271,115.668,0
USDJPY,2016-02-10,115.185,115.185,114.28,115.191,0
USDJPY,2016-02-11,113.239,113.463,111.081,113.252,0
USDJPY,2016-02-12,112.483,113.123,111.756,112.497,0
USDJPY,2016-02-15,113.675,114.547,113.278,113.67,0
USDJPY,2016-02-16,114.318,114.868,113.66,114.322,0
USDJPY,2016-02-17,114.134,114.495,113.389,114.08,0
USDJPY,2016-02-18,114.291,114.291,113.62,114.28,0
USDJPY,2016-02-19,113.271,113.272,112.731,113.25,0
USDJPY,2016-02-22,112.526,113.365,112.526,112.489,0
USDJPY,2016-02-23,112.953,112.971,111.789,112.971,0
USDJPY,2016-02-24,111.911,112.22,111.112,111.88,0
USDJPY,2016-02-25,112.065,112.921,111.986,112.101,0
USDJPY,2016-02-26,113.138,113.93,112.56,113.118,0
USDJPY,2016-02-29,113.719,113.842,112.696,113.66,0
USDJPY,2016-03-01,112.421,113.8,112.173,112.43,0
USDJPY,2016-03-02,113.92,114.541,113.736,113.93,0
USDJPY,2016-03-03,113.491,114.26,113.46,113.466,0
USDJPY,2016-03-04,113.68,114.16,113.145,113.67,0
USDJPY,2016-03-07,113.82,113.82,113.406,113.803,0
USDJPY,2016-03-08,113.482,113.482,112.465,113.452,0
USDJPY,2016-03-09,112.68,113.143,112.24,112.66,0
USDJPY,2016-03-10,113.22,114.432,113.16,113.253,0
USDJPY,2016-03-11,112.839,113.911,112.83,112.86,0
USDJPY,2016-03-14,113.763,113.995,113.514,113.778,0
USDJPY,2016-03-15,113.827,113.927,112.67,113.83,0
USDJPY,2016-03-16,113.101,113.809,113.021,113.105,0
USDJPY,2016-03-17,112.794,112.934,110.69,112.752,0
USDJPY,2016-03-18,111.384,111.604,110.824,111.35,0
USDJPY,2016-03-21,111.44,111.85,111.23,111.445,0
USDJPY,2016-03-22,112.144,112.186,111.412,112.139,0
USDJPY,2016-03-23,112.261,112.887,112.147,112.252,0
USDJPY,2016-03-24,112.424,112.984,112.3,112.4,0
USDJPY,2016-03-25,112.83,113.292,112.81,112.83,0
USDJPY,2016-03-28,113.471,113.68,113.155,113.45,0
USDJPY,2016-03-29,113.365,113.784,113.234,113.364,0
USDJPY,2016-03-30,112.647,112.695,112.032,112.68,0
USDJPY,2016-03-31,112.345,112.639,112.11,112.366,0
USDJPY,2016-04-01,112.48,112.48,111.863,112.48,0
USDJPY,2016-04-04,111.705,111.733,111.135,111.722,0
USDJPY,2016-04-05,111.244,111.244,110.043,111.25,0
USDJPY,2016-04-06,110.369,110.629,109.634,110.378,0
USDJPY,2016-04-07,109.733,109.774,107.76,109.699,0
USDJPY,2016-04-08,108.516,109.09,108.221,108.427,0
USDJPY,2016-04-11,108.312,108.42,107.664,108.311,0
USDJPY,2016-04-12,107.95,108.66,107.904,107.93,0
USDJPY,2016-04-13,108.671,109.381,108.54,108.64,0
USDJPY,2016-04-14,109.414,109.533,108.901,109.42,0
USDJPY,2016-04-15,109.327,109.73,108.616,109.316,0
USDJPY,2016-04-18,108.103,108.942,107.869,108.017,0
USDJPY,2016-04-19,109.06,109.47,108.797,109.073,0
USDJPY,2016-04-20,109.181,109.51,108.77,109.24,0
USDJPY,2016-04-21,109.83,109.833,109.34,109.838,0
USDJPY,2016-04-22,109.481,111.53,109.28,109.437,0
USDJPY,2016-04-25,111.453,111.453,110.854,111.436,0
USDJPY,2016-04-26,111.108,111.306,110.674,111.136,0
USDJPY,2016-04-27,111.234,111.386,111.027,111.23,0
USDJPY,2016-04-28,111.516,111.853,107.95,111.52,0
USDJPY,2016-04-29,108.09,108.09,106.708,108.076,0
USDJPY,2016-05-02,106.465,106.788,106.196,106.453,0
USDJPY,2016-05-03,106.403,106.403,105.54,106.396,0
USDJPY,2016-05-04,106.696,107.35,106.284,106.68,0
USDJPY,2016-05-05,106.94,107.435,106.81,106.92,0
USDJPY,2016-05-06,107.357,107.422,106.472,107.275,0
USDJPY,2016-05-09,107.338,108.596,107.247,107.36,0
USDJPY,2016-05-10,108.37,109.261,108.317,108.331,0
USDJPY,2016-05-11,109.21,109.21,108.44,109.194,0
USDJPY,2016-05-12,108.44,109.378,108.242,108.415,0
USDJPY,2016-05-13,109.122,109.454,108.514,109.1,0
USDJPY,2016-05-16,108.671,108.97,108.633,108.661,0
USDJPY,2016-05-17,109.07,109.642,108.851,109.08,0
USDJPY,2016-05-18,109.026,109.819,108.753,108.95,0
USDJPY,2016-05-19,110.201,110.356,109.705,110.14,0
USDJPY,2016-05-20,109.912,110.576,109.857,109.881,0
USDJPY,2016-05-23,110.066,110.066,109.34,110.05,0
USDJPY,2016-05-24,109.343,110.046,109.17,109.374,0
USDJPY,2016-05-25,110.16,110.443,109.86,110.17,0
USDJPY,2016-05-26,110.099,110.126,109.425,110.111,0
USDJPY,2016-05-27,109.68,109.99,109.488,109.713,0
USDJPY,2016-05-30,110.762,111.42,110.72,110.77,0
USDJPY,2016-05-31,110.854,111.33,110.777,110.841,0
USDJPY,2016-06-01,110.65,110.824,109.06,110.67,0
USDJPY,2016-06-02,109.401,109.442,108.527,109.477,0
USDJPY,2016-06-03,108.919,109.128,106.637,108.86,0
USDJPY,2016-06-06,106.695,107.422,106.555,106.721,0
USDJPY,2016-06-07,107.4,107.873,107.19,107.438,0
USDJPY,2016-06-08,107.242,107.261,106.606,107.254,0
USDJPY,2016-06-09,106.804,106.864,106.278,106.78,0
USDJPY,2016-06-10,107.078,107.22,106.695,107.09,0
USDJPY,2016-06-13,106.482,106.626,105.745,106.504,0
USDJPY,2016-06-14,106.2,106.404,105.648,106.226,0
USDJPY,2016-06-15,106.064,106.37,105.786,106.087,0
USDJPY,2016-06-16,105.86,105.86,103.63,105.85,0
USDJPY,2016-06-17,104.773,104.806,104.1,104.743,0
USDJPY,2016-06-20,104.659,104.833,104.3,104.648,0
USDJPY,2016-06-21,103.793,104.74,103.615,103.824,0
USDJPY,2016-06-22,104.67,104.765,104.333,104.67,0
USDJPY,2016-06-23,104.585,106.0,104.253,104.65,0
USDJPY,2016-06-24,104.903,105.498,99.973,104.896,0
USDJPY,2016-06-27,102.22,102.398,101.45,102.127,0
USDJPY,2016-06-28,101.749,102.795,101.585,101.812,0
USDJPY,2016-06-29,102.69,102.786,102.19,102.701,0
USDJPY,2016-06-30,102.734,102.939,102.394,102.778,0
USDJPY,2016-07-01,103.053,103.148,102.456,103.073,0
USDJPY,2016-07-04,102.465,102.796,102.46,102.488,0
USDJPY,2016-07-05,102.52,102.521,101.46,102.518,0
USDJPY,2016-07-06,101.16,101.273,100.215,101.141,0
USDJPY,2016-07-07,101.095,101.23,100.61,101.15,0
USDJPY,2016-07-08,100.797,101.153,100.096,100.79,0
USDJPY,2016-07-11,100.676,102.69,100.56,100.692,0
USDJPY,2016-07-12,102.503,104.793,102.465,102.524,0
USDJPY,2016-07-13,104.732,104.846,103.963,104.756,0
USDJPY,2016-07-14,104.036,105.909,104.036,104.076,0
USDJPY,2016-07-15,105.16,106.305,105.15,105.191,0
USDJPY,2016-07-18,105.436,106.176,105.303,105.459,0
USDJPY,2016-07-19,106.138,106.531,105.674,106.146,0
USDJPY,2016-07-20,106.136,106.783,105.851,106.137,0
USDJPY,2016-07-21,107.165,107.484,105.443,107.204,0
USDJPY,2016-07-22,105.795,106.384,105.602,105.811,0
USDJPY,2016-07-25,106.264,106.704,105.947,106.326,0
USDJPY,2016-07-26,105.588,105.634,104.029,105.578,0
USDJPY,2016-07-27,104.833,106.51,104.833,104.849,0
USDJPY,2016-07-28,104.936,105.149,104.521,104.951,0
USDJPY,2016-07-29,104.772,104.806,102.278,104.745,0
USDJPY,2016-08-01,102.347,102.68,102.138,102.332,0
USDJPY,2016-08-02,102.307,102.795,100.814,102.359,0
USDJPY,2016-08-03,101.078,101.546,100.748,101.068,0
USDJPY,2016-08-04,101.319,101.663,100.867,101.337,0
USDJPY,2016-08-05,101.227,102.031,100.888,101.199,0
USDJPY,2016-08-08,102.038,102.627,101.91,102.145,0
USDJPY,2016-08-09,102.283,102.517,101.8,102.288,0
USDJPY,2016-08-10,101.922,101.922,100.969,101.915,0
USDJPY,2016-08-11,101.136,101.495,101.025,101.133,0
USDJPY,2016-08-12,101.812,102.269,100.862,101.808,0
USDJPY,2016-08-15,101.264,101.448,100.887,101.283,0
USDJPY,2016-08-16,101.251,101.251,99.573,101.24,0
USDJPY,2016-08-17,100.212,101.123,100.169,100.2,0
USDJPY,2016-08-18,99.893,100.472,99.652,99.906,0
USDJPY,2016-08-19,100.141,100.429,100.046,100.112,0
USDJPY,2016-08-22,100.541,100.926,100.225,100.554,0
USDJPY,2016-08-23,100.301,100.38,99.956,100.251,0
USDJPY,2016-08-24,100.348,100.578,100.098,100.311,0
USDJPY,2016-08-25,100.549,100.595,100.308,100.552,0
USDJPY,2016-08-26,100.557,101.289,100.088,100.555,0
USDJPY,2016-08-29,101.961,102.382,101.864,101.92,0
USDJPY,2016-08-30,101.812,102.948,101.756,101.809,0
USDJPY,2016-08-31,102.873,103.52,102.873,102.868,0
USDJPY,2016-09-01,103.307,103.994,103.082,103.302,0
USDJPY,2016-09-02,103.249,104.285,102.843,103.258,0
USDJPY,2016-09-05,103.958,104.011,103.154,103.934,0
USDJPY,2016-09-06,103.527,103.806,102.048,103.51,0
USDJPY,2016-09-07,101.543,101.756,101.229,101.525,0
USDJPY,2016-09-08,101.817,102.284,101.448,101.829,0
USDJPY,2016-09-09,102.306,103.021,101.988,102.306,0
USDJPY,2016-09-12,102.467,102.65,101.771,102.438,0
USDJPY,2016-09-13,101.756,102.41,101.472,101.751,0
USDJPY,2016-09-14,102.534,103.336,102.332,102.504,0
USDJPY,2016-09-15,102.526,102.731,101.959,102.548,0
USDJPY,2016-09-16,101.984,102.395,101.774,102.008,0
USDJPY,2016-09-19,102.331,102.363,101.581,102.307,0
USDJPY,2016-09-20,101.905,102.048,101.573,101.846,0
USDJPY,2016-09-21,101.594,102.777,100.563,101.547,0
USDJPY,2016-09-22,100.402,100.892,100.101,100.393,0
USDJPY,2016-09-23,100.803,101.23,100.689,100.831,0
USDJPY,2016-09-26,100.91,101.076,100.296,100.889,0
USDJPY,2016-09-27,100.384,100.976,100.141,100.359,0
USDJPY,2016-09-28,100.475,100.812,100.423,100.468,0
USDJPY,2016-09-29,100.944,101.81,100.921,100.935,0
USDJPY,2016-09-30,101.187,101.687,100.756,101.199,0
USDJPY,2016-10-03,101.539,101.652,101.215,101.563,0
USDJPY,2016-10-04,101.836,102.863,101.832,101.817,0
USDJPY,2016-10-05,102.842,103.583,102.682,102.88,0
USDJPY,2016-10-06,103.449,104.146,103.347,103.46,0
USDJPY,2016-10-07,103.753,103.978,102.871,103.765,0
USDJPY,2016-10-10,103.058,103.744,102.818,103.018,0
USDJPY,2016-10-11,103.736,104.064,103.316,103.697,0
USDJPY,2016-10-12,103.306,104.473,103.3,103.342,0
USDJPY,2016-10-13,104.317,104.611,103.359,104.304,0
USDJPY,2016-10-14,103.753,104.459,103.665,103.722,0
USDJPY,2016-10-17,104.08,104.352,103.902,104.039,0
USDJPY,2016-10-18,103.859,104.19,103.689,103.851,0
USDJPY,2016-10-19,103.874,103.936,103.183,103.865,0
USDJPY,2016-10-20,103.439,104.074,103.416,103.391,0
USDJPY,2016-10-21,104.13,104.199,103.524,104.109,0
USDJPY,2016-10-24,103.907,104.299,103.72,103.917,0
USDJPY,2016-10-25,104.29,104.865,104.25,104.321,0
USDJPY,2016-10-26,104.144,104.469,104.024,104.154,0
USDJPY,2016-10-27,104.572,105.155,104.326,104.563,0
USDJPY,2016-10-28,105.235,105.495,105.066,105.209,0
USDJPY,2016-10-31,104.567,105.217,104.541,104.565,0
USDJPY,2016-11-01,104.829,105.12,104.457,104.82,0
USDJPY,2016-11-02,104.083,104.156,103.108,104.092,0
USDJPY,2016-11-03,103.393,103.436,102.576,103.378,0
USDJPY,2016-11-04,103.045,103.343,102.842,103.052,0
USDJPY,2016-11-07,104.18,104.625,103.847,104.195,0
USDJPY,2016-11-08,104.455,104.821,104.302,104.438,0
USDJPY,2016-11-09,104.993,105.421,101.206,105.03,0
USDJPY,2016-11-10,105.85,106.935,105.023,105.853,0
USDJPY,2016-11-11,106.806,106.916,106.054,106.856,0
USDJPY,2016-11-14,106.863,108.467,106.863,106.871,0
USDJPY,2016-11-15,108.222,108.975,107.79,108.202,0
USDJPY,2016-11-16,109.006,109.747,108.809,109.038,0
USDJPY,2016-11-17,108.782,109.613,108.573,108.785,0
USDJPY,2016-11-18,110.237,110.877,109.815,110.256,0
USDJPY,2016-11-21,110.929,111.164,110.506,110.973,0
USDJPY,2016-11-22,110.677,111.354,110.285,110.65,0
USDJPY,2016-11-23,110.999,112.943,110.863,111.006,0
USDJPY,2016-11-24,112.512,113.511,112.427,112.582,0
USDJPY,2016-11-25,113.273,113.89,112.61,113.292,0
USDJPY,2016-11-28,112.65,112.768,111.395,112.652,0
USDJPY,2016-11-29,111.705,113.3,111.705,111.69,0
USDJPY,2016-11-30,112.504,113.942,112.066,112.47,0
USDJPY,2016-12-01,114.671,114.713,113.841,114.694,0
USDJPY,2016-12-02,113.902,114.158,113.334,113.909,0
USDJPY,2016-12-05,113.525,114.771,113.335,113.505,0
USDJPY,2016-12-06,113.882,114.167,113.515,113.863,0
USDJPY,2016-12-07,114.082,114.384,113.519,114.052,0
USDJPY,2016-12-08,113.772,114.361,113.202,113.713,0
USDJPY,2016-12-09,114.063,115.266,114.02,114.075,0
USDJPY,2016-12-12,115.44,116.079,115.157,115.412,0
USDJPY,2016-12-13,114.993,115.468,114.777,115.002,0
USDJPY,2016-12-14,115.195,115.304,114.781,115.224,0
USDJPY,2016-12-15,117.232,118.647,117.199,117.211,0
USDJPY,2016-12-16,118.268,118.398,117.9265,118.241,0
USDJPY,2016-12-19,117.817,117.833,116.847,117.791,0
USDJPY,2016-12-20,117.044,118.231,117.0,117.037,0
USDJPY,2016-12-21,117.806,118.048,117.113,117.875,0
USDJPY,2016-12-22,117.618,117.851,117.317,117.604,0
USDJPY,2016-12-23,117.56,117.56,117.176,117.542,0
USDJPY,2016-12-26,117.313,117.313,117.001,117.31,0
USDJPY,2016-12-27,117.183,117.601,117.183,117.192,0
USDJPY,2016-12-28,117.487,117.805,117.378,117.48,0
USDJPY,2016-12-29,117.047,117.047,116.232,117.087,0
USDJPY,2016-12-30,116.315,117.19,116.122,116.267,0
USDJPY,2017-01-02,116.81,117.485,116.725,116.795,0
USDJPY,2017-01-03,117.488,118.593,117.286,117.495,0
USDJPY,2017-01-04,117.678,118.176,117.068,117.659,0
USDJPY,2017-01-05,117.056,117.085,115.293,117.113,0
USDJPY,2017-01-06,115.318,116.744,115.263,115.265,0
USDJPY,2017-01-09,117.159,117.524,116.183,117.15,0
USDJPY,2017-01-10,115.996,116.333,115.203,115.985,0
USDJPY,2017-01-11,115.875,116.835,115.681,115.872,0
USDJPY,2017-01-12,115.055,115.219,113.76,115.098,0
USDJPY,2017-01-13,114.696,115.388,114.284,114.664,0
USDJPY,2017-01-16,114.262,114.449,113.696,114.227,0
USDJPY,2017-01-17,114.126,114.276,112.74,114.152,0
USDJPY,2017-01-18,112.908,113.555,112.645,112.878,0
USDJPY,2017-01-19,114.738,115.521,114.423,114.762,0
USDJPY,2017-01-20,114.894,115.37,114.546,114.98,0
USDJPY,2017-01-23,113.853,114.036,112.975,113.81,0
USDJPY,2017-01-24,112.838,113.468,112.58,112.78,0
USDJPY,2017-01-25,113.903,113.962,113.083,113.84,0
USDJPY,2017-01-26,113.192,114.768,113.067,113.293,0
USDJPY,2017-01-27,114.425,115.336,114.401,114.455,0
USDJPY,2017-01-30,114.683,114.915,113.764,114.668,0
USDJPY,2017-01-31,113.694,113.932,112.083,113.65,0
USDJPY,2017-02-01,112.768,113.915,112.768,112.743,0
USDJPY,2017-02-02,113.243,113.243,112.077,113.311,0
USDJPY,2017-02-03,112.779,113.232,112.3235,112.789,0
USDJPY,2017-02-06,112.647,112.771,112.028,112.639,0
USDJPY,2017-02-07,111.798,112.559,111.599,111.827,0
USDJPY,2017-02-08,112.402,112.52,111.649,112.387,0
USDJPY,2017-02-09,111.955,113.179,111.903,111.952,0
USDJPY,2017-02-10,113.437,113.84,113.374,113.434,0
USDJPY,2017-02-13,113.97,114.135,113.452,113.914,0
USDJPY,2017-02-14,113.673,114.433,113.271,113.705,0
USDJPY,2017-02-15,114.286,114.941,114.241,114.301,0
USDJPY,2017-02-16,114.136,114.136,113.228,114.112,0
USDJPY,2017-02-17,113.352,113.483,112.629,113.305,0
USDJPY,2017-02-20,112.9,113.232,112.837,112.911,0
USDJPY,2017-02-21,113.243,113.754,113.243,113.28,0
USDJPY,2017-02-22,113.654,113.654,112.913,113.669,0
USDJPY,2017-02-23,113.375,113.397,112.577,113.417,0
USDJPY,2017-02-24,112.676,112.95,112.064,112.682,0
USDJPY,2017-02-27,112.174,112.468,111.935,112.188,0
USDJPY,2017-02-28,112.734,112.797,111.7835,112.745,0
USDJPY,2017-03-01,113.034,114.038,112.814,113.077,0
USDJPY,2017-03-02,114.097,114.536,113.847,114.121,0
USDJPY,2017-03-03,114.323,114.524,114.075,114.342,0
USDJPY,2017-03-06,113.824,113.913,113.5605,113.847,0
USDJPY,2017-03-07,113.916,114.141,113.739,113.917,0
USDJPY,2017-03-08,113.924,114.716,113.618,113.926,0
USDJPY,2017-03-09,114.406,114.948,114.367,114.411,0
USDJPY,2017-03-10,115.139,115.488,114.815,115.149,0
USDJPY,2017-03-13,114.775,114.912,114.483,114.732,0
USDJPY,2017-03-14,114.913,115.176,114.561,114.915,0
USDJPY,2017-03-15,114.653,114.881,114.5635,114.659,0
USDJPY,2017-03-16,113.4,113.528,112.92,113.402,0
USDJPY,2017-03-17,113.348,113.49,112.5515,113.34,0
USDJPY,2017-03-20,112.665,112.884,112.467,112.674,0
USDJPY,2017-03-21,112.574,112.858,111.834,112.573,0
USDJPY,2017-03-22,111.563,111.754,110.765,111.532,0
USDJPY,2017-03-23,111.334,111.558,110.632,111.369,0
USDJPY,2017-03-24,110.992,111.476,110.88,111.004,0
USDJPY,2017-03-27,110.543,110.58,110.121,110.552,0
USDJPY,2017-03-28,110.747,110.813,110.207,110.771,0
USDJPY,2017-03-29,111.188,111.296,110.755,111.226,0
USDJPY,2017-03-30,111.119,111.481,110.965,111.154,0
USDJPY,2017-03-31,111.741,112.181,111.393,111.776,0
USDJPY,2017-04-03,111.313,111.574,110.923,111.265,0
USDJPY,2017-04-04,110.701,110.801,110.274,110.709,0
USDJPY,2017-04-05,110.827,111.416,110.545,110.854,0
USDJPY,2017-04-06,110.395,111.108,110.296,110.381,0
USDJPY,2017-04-07,110.893,110.99,110.152,110.897,0
USDJPY,2017-04-10,111.225,111.572,110.939,111.225,0
USDJPY,2017-04-11,110.688,110.833,109.636,110.717,0
USDJPY,2017-04-12,109.585,109.755,109.366,109.587,0
USDJPY,2017-04-13,108.873,109.371,108.741,108.902,0
USDJPY,2017-04-14,109.114,109.219,108.563,109.101,0
USDJPY,2017-04-17,108.296,108.626,108.142,108.323,0
USDJPY,2017-04-18,109.151,109.212,108.414,109.112,0
USDJPY,2017-04-19,108.547,109.167,108.425,108.535,0
USDJPY,2017-04-20,108.841,109.411,108.72,108.834,0
USDJPY,2017-04-21,109.368,109.383,108.943,109.375,0
USDJPY,2017-04-24,109.993,110.326,109.721,109.978,0
USDJPY,2017-04-25,109.626,110.993,109.626,109.641,0
USDJPY,2017-04-26,111.062,111.724,111.042,111.046,0
USDJPY,2017-04-27,111.175,111.591,111.0525,111.191,0
USDJPY,2017-04-28,111.215,111.687,111.08,111.226,0
USDJPY,2017-05-01,111.303,111.9,111.303,111.302,0
USDJPY,2017-05-02,111.82,112.294,111.82,111.812,0
USDJPY,2017-05-03,111.974,112.49,111.972,111.969,0
USDJPY,2017-05-04,112.799,113.038,112.664,112.783,0
USDJPY,2017-05-05,112.531,112.738,112.095,112.537,0
USDJPY,2017-05-08,112.692,112.873,112.403,112.684,0
USDJPY,2017-05-09,113.21,114.205,113.141,113.23,0
USDJPY,2017-05-10,113.689,114.149,113.647,113.698,0
USDJPY,2017-05-11,114.303,114.336,113.48,114.328,0
USDJPY,2017-05-12,113.814,113.946,113.213,113.809,0
USDJPY,2017-05-15,113.265,113.722,113.256,113.271,0
USDJPY,2017-05-16,113.648,113.757,112.981,113.642,0
USDJPY,2017-05-17,112.718,112.72,111.239,112.646,0
USDJPY,2017-05-18,111.115,111.416,110.2265,111.126,0
USDJPY,2017-05-19,111.422,111.683,111.069,111.401,0
USDJPY,2017-05-22,111.268,111.59,110.961,111.284,0
USDJPY,2017-05-23,110.949,111.693,110.91,110.891,0
USDJPY,2017-05-24,111.936,112.111,111.707,111.957,0
USDJPY,2017-05-25,111.52,111.935,111.52,111.524,0
USDJPY,2017-05-26,111.716,111.794,110.887,111.73,0
USDJPY,2017-05-29,111.267,111.457,111.21,111.256,0
USDJPY,2017-05-30,111.189,111.213,110.665,111.174,0
USDJPY,2017-05-31,110.875,111.191,110.496,110.839,0
USDJPY,2017-06-01,110.769,111.446,110.769,110.796,0
USDJPY,2017-06-02,111.46,111.699,110.342,111.437,0
USDJPY,2017-06-05,110.484,110.72,110.345,110.463,0
USDJPY,2017-06-06,110.38,110.437,109.242,110.381,0
USDJPY,2017-06-07,109.495,109.628,109.128,109.509,0
USDJPY,2017-06-08,109.918,110.369,109.41,109.9,0
USDJPY,2017-06-09,109.912,110.787,109.912,109.859,0
USDJPY,2017-06-12,110.308,110.316,109.676,110.288,0
USDJPY,2017-06-13,109.916,110.266,109.916,109.921,0
USDJPY,2017-06-14,110.045,110.337,108.944,110.055,0
USDJPY,2017-06-15,109.399,110.758,109.399,109.446,0
USDJPY,2017-06-16,111.047,111.404,110.661,110.952,0
USDJPY,2017-06-19,110.978,111.377,110.909,110.954,0
USDJPY,2017-06-20,111.739,111.767,111.327,111.673,0
USDJPY,2017-06-21,111.343,111.713,111.0655,111.334,0
USDJPY,2017-06-22,111.334,111.433,110.956,111.31,0
USDJPY,2017-06-23,111.31,111.416,111.158,111.29,0
USDJPY,2017-06-26,111.255,111.711,111.222,111.239,0
USDJPY,2017-06-27,111.903,112.438,111.468,111.858,0
USDJPY,2017-06-28,112.174,112.399,111.863,112.188,0
USDJPY,2017-06-29,112.367,112.92,112.154,112.354,0
USDJPY,2017-06-30,111.972,112.389,111.749,112.009,0
USDJPY,2017-07-03,112.243,113.417,112.204,112.262,0
USDJPY,2017-07-04,113.369,113.37,112.779,113.386,0
USDJPY,2017-07-05,112.965,113.67,112.833,112.962,0
USDJPY,2017-07-06,113.224,113.451,112.896,113.187,0
USDJPY,2017-07-07,113.165,114.168,113.165,113.149,0
USDJPY,2017-07-10,113.943,114.293,113.926,113.985,0
USDJPY,2017-07-12,113.768,113.792,112.9395,113.748,0
USDJPY,2017-07-13,113.304,113.514,112.874,113.335,0
USDJPY,2017-07-14,113.4,113.566,112.27,113.418,0
USDJPY,2017-07-17,112.422,112.848,112.342,112.397,0
USDJPY,2017-07-18,112.6,112.617,111.701,112.581,0
USDJPY,2017-07-19,111.974,112.217,111.56,111.995,0
USDJPY,2017-07-20,111.855,112.407,111.491,111.877,0
USDJPY,2017-07-21,111.892,112.063,111.095,111.885,0
USDJPY,2017-07-24,110.944,111.156,110.628,110.945,0
USDJPY,2017-07-25,111.224,111.662,110.831,111.232,0
USDJPY,2017-07-26,112.017,112.143,111.724,112.003,0
USDJPY,2017-07-27,111.132,111.658,110.79,111.128,0
USDJPY,2017-07-28,111.067,111.279,110.6615,111.097,0
USDJPY,2017-07-31,110.522,110.753,110.353,110.51,0
USDJPY,2017-08-01,110.352,110.555,109.959,110.359,0
USDJPY,2017-08-02,110.458,110.96,110.288,110.432,0
USDJPY,2017-08-03,110.764,110.808,109.979,110.757,0
USDJPY,2017-08-04,109.87,111.02,109.864,109.9,0
USDJPY,2017-08-07,110.811,110.903,110.647,110.786,0
USDJPY,2017-08-08,110.754,110.821,110.251,110.75,0
USDJPY,2017-08-09,110.095,110.141,109.569,110.102,0
USDJPY,2017-08-10,110.044,110.163,109.265,110.049,0
USDJPY,2017-08-11,109.09,109.379,108.797,109.106,0
USDJPY,2017-08-14,109.25,109.785,109.208,109.23,0
USDJPY,2017-08-15,109.945,110.84,109.939,109.932,0
USDJPY,2017-08-16,110.573,110.941,110.573,110.596,0
USDJPY,2017-08-17,109.983,110.312,109.634,109.999,0
USDJPY,2017-08-18,109.341,109.518,108.605,109.328,0
USDJPY,2017-08-21,109.324,109.364,108.633,109.32,0
USDJPY,2017-08-22,109.074,109.53,109.052,108.944,0
USDJPY,2017-08-23,109.756,109.806,108.999,109.731,0
USDJPY,2017-08-24,108.921,109.453,108.921,108.91,0
USDJPY,2017-08-25,109.5,109.797,109.123,109.514,0
USDJPY,2017-08-28,109.367,109.392,109.047,109.346,0
USDJPY,2017-08-29,108.731,109.06,108.328,108.737,0
USDJPY,2017-08-30,109.768,110.412,109.669,109.79,0
USDJPY,2017-08-31,110.468,110.645,109.952,110.46,0
USDJPY,2017-09-01,110.117,110.369,109.58,110.129,0
USDJPY,2017-09-04,109.777,109.908,109.397,109.795,0
USDJPY,2017-09-05,109.78,109.78,108.83,109.81,0
USDJPY,2017-09-06,108.597,109.096,108.483,108.602,0
USDJPY,2017-09-07,109.162,109.198,108.072,109.134,0
USDJPY,2017-09-08,108.297,108.467,107.322,108.27,0
USDJPY,2017-09-11,108.285,109.091,108.233,108.231,0
USDJPY,2017-09-12,109.413,110.059,109.294,109.395,0
USDJPY,2017-09-13,110.206,110.677,109.919,110.226,0
USDJPY,2017-09-14,110.508,110.992,110.36,110.515,0
USDJPY,2017-09-15,109.919,111.321,109.919,109.919,0
USDJPY,2017-09-18,111.153,111.581,111.124,111.197,0
USDJPY,2017-09-19,111.487,111.862,111.272,111.496,0
USDJPY,2017-09-20,111.575,111.639,111.2295,111.578,0
USDJPY,2017-09-21,112.573,112.707,112.142,112.546,0
USDJPY,2017-09-22,112.447,112.534,111.675,112.452,0
USDJPY,2017-09-25,112.446,112.499,111.568,112.444,0
USDJPY,2017-09-26,111.751,112.285,111.499,111.761,0
USDJPY,2017-09-27,112.434,113.237,112.286,112.377,0
USDJPY,2017-09-28,112.854,113.19,112.481,112.86,0
USDJPY,2017-09-29,112.509,112.715,112.235,112.467,0
USDJPY,2017-10-02,112.683,113.048,112.5365,112.638,0
USDJPY,2017-10-03,112.776,113.187,112.687,112.77,0
USDJPY,2017-10-04,112.846,112.879,112.326,112.848,0
USDJPY,2017-10-05,112.826,112.904,112.422,112.823,0
USDJPY,2017-10-06,112.77,113.431,112.651,112.774,0
USDJPY,2017-10-09,112.541,112.743,112.534,112.551,0
USDJPY,2017-10-10,112.684,112.821,112.004,112.658,0
USDJPY,2017-10-11,112.347,112.563,112.093,112.345,0
USDJPY,2017-10-12,112.403,112.458,112.21,112.434,0
USDJPY,2017-10-13,112.244,112.249,111.699,112.239,0
USDJPY,2017-10-16,111.877,112.076,111.651,111.882,0
USDJPY,2017-10-17,112.186,112.467,112.037,112.195,0
USDJPY,2017-10-18,112.203,113.038,112.141,112.213,0
USDJPY,2017-10-19,113.001,113.141,112.329,113.013,0
USDJPY,2017-10-20,112.645,113.559,112.606,112.68,0
USDJPY,2017-10-23,114.052,114.059,113.623,114.048,0
USDJPY,2017-10-24,113.32,113.988,113.262,113.34,0
USDJPY,2017-10-25,113.936,114.24,113.576,113.946,0
USDJPY,2017-10-26,113.539,114.031,113.342,113.558,0
USDJPY,2017-10-27,114.125,114.436,113.718,114.124,0
USDJPY,2017-10-30,113.677,113.824,113.165,113.739,0
USDJPY,2017-10-31,113.038,113.645,112.974,112.996,0
USDJPY,2017-11-01,113.644,114.268,113.634,113.65,0
USDJPY,2017-11-02,114.171,114.208,113.549,114.152,0
USDJPY,2017-11-03,114.014,114.407,113.683,114.016,0
USDJPY,2017-11-06,114.19,114.725,113.789,114.178,0
USDJPY,2017-11-07,113.771,114.332,113.723,113.771,0
USDJPY,2017-11-08,113.732,113.913,113.403,113.761,0
USDJPY,2017-11-09,113.927,114.063,113.2405,113.927,0
USDJPY,2017-11-10,113.369,113.624,113.236,113.375,0
USDJPY,2017-11-13,113.69,113.705,113.246,113.686,0
USDJPY,2017-11-14,113.6,113.907,113.31,113.585,0
USDJPY,2017-11-15,113.406,113.488,112.514,113.402,0
USDJPY,2017-11-17,113.045,113.045,111.973,113.028,0
USDJPY,2017-11-20,112.019,112.529,111.961,112.038,0
USDJPY,2017-11-21,112.548,112.7,112.184,112.551,0
USDJPY,2017-11-22,112.33,112.343,111.51,112.341,0
USDJPY,2017-11-23,111.285,111.377,111.071,111.313,0
USDJPY,2017-11-24,111.259,111.572,111.259,111.254,0
USDJPY,2017-11-27,111.649,111.649,110.847,111.671,0
USDJPY,2017-11-28,111.156,111.457,110.933,111.17,0
USDJPY,2017-11-29,111.611,112.131,111.385,111.648,0
USDJPY,2017-11-30,112.028,112.476,111.743,112.002,0
USDJPY,2017-12-01,112.555,112.852,111.455,112.556,0
USDJPY,2017-12-04,112.839,113.076,112.664,112.864,0
USDJPY,2017-12-05,112.508,112.858,112.377,112.499,0
USDJPY,2017-12-06,112.469,112.519,112.007,112.464,0
USDJPY,2017-12-07,112.322,112.794,112.322,112.291,0
USDJPY,2017-12-08,113.197,113.585,113.123,113.173,0
USDJPY,2017-12-11,113.527,113.681,113.241,113.543,0
USDJPY,2017-12-12,113.55,113.739,113.374,113.54,0
USDJPY,2017-12-13,113.513,113.527,112.966,113.545,0
USDJPY,2017-12-14,112.746,112.873,112.473,112.782,0
USDJPY,2017-12-15,112.388,112.727,112.043,112.396,0
USDJPY,2017-12-18,112.73,112.821,112.329,112.716,0
USDJPY,2017-12-19,112.59,113.026,112.511,112.568,0
USDJPY,2017-12-20,113.003,113.348,112.862,112.983,0
USDJPY,2017-12-21,113.239,113.615,113.238,113.241,0
USDJPY,2017-12-22,113.293,113.44,113.28,113.323,0
USDJPY,2017-12-25,113.295,113.345,113.211,113.308,0
USDJPY,2017-12-26,113.309,113.344,113.189,113.303,0
USDJPY,2017-12-27,113.201,113.351,113.155,113.203,0
USDJPY,2017-12-28,113.222,113.264,112.667,113.217,0
USDJPY,2017-12-29,112.876,112.966,112.468,112.875,0
USDJPY,2018-01-01,112.68,112.69,112.67,112.666,0
USDJPY,2018-01-02,112.77,112.788,112.075,112.77,0
USDJPY,2018-01-03,112.264,112.485,112.193,112.244,0
USDJPY,2018-01-04,112.606,112.854,112.507,112.607,0
USDJPY,2018-01-05,112.79,113.289,112.731,112.783,0
USDJPY,2018-01-08,113.151,113.37,112.893,113.154,0
USDJPY,2018-01-09,113.174,113.174,112.37,113.141,0
USDJPY,2018-01-10,112.77,112.77,111.281,112.755,0
USDJPY,2018-01-11,111.426,111.871,111.334,111.444,0
USDJPY,2018-01-12,111.289,111.67,111.003,111.294,0
USDJPY,2018-01-15,111.17,111.17,110.493,111.1,0
USDJPY,2018-01-16,110.628,110.973,110.602,110.581,0
USDJPY,2018-01-17,110.347,110.909,110.208,110.388,0
USDJPY,2018-01-18,111.341,111.474,110.736,111.376,0
USDJPY,2018-01-19,111.005,111.106,110.505,111.026,0
USDJPY,2018-01-22,110.697,111.148,110.614,110.684,0
USDJPY,2018-01-23,110.974,111.16,110.256,110.966,0
USDJPY,2018-01-24,110.123,110.292,109.009,110.107,0
USDJPY,2018-01-25,109.306,109.462,108.59,109.326,0
USDJPY,2018-01-26,109.662,109.755,108.336,109.704,0
USDJPY,2018-01-29,108.648,109.189,108.511,108.639,0
USDJPY,2018-01-30,108.958,109.195,108.425,108.926,0
USDJPY,2018-01-31,108.756,109.421,108.6,108.732,0
USDJPY,2018-02-01,109.179,109.744,109.114,109.201,0
USDJPY,2018-02-02,109.387,110.467,109.304,109.406,0
USDJPY,2018-02-05,110.022,110.254,109.669,110.035,0
USDJPY,2018-02-06,109.013,109.626,108.471,109.095,0
USDJPY,2018-02-07,109.619,109.651,108.926,109.627,0
USDJPY,2018-02-08,109.131,109.776,108.897,109.196,0
USDJPY,2018-02-09,108.577,109.286,108.444,108.529,0
USDJPY,2018-02-12,108.786,108.786,108.455,108.8,0
USDJPY,2018-02-13,108.674,108.753,107.434,108.69,0
USDJPY,2018-02-14,107.759,107.886,106.724,107.764,0
USDJPY,2018-02-15,106.592,106.874,106.194,106.587,0
USDJPY,2018-02-16,106.06,106.37,105.558,106.111,0
USDJPY,2018-02-19,106.27,106.713,106.098,106.261,0
USDJPY,2018-02-20,106.724,107.346,106.645,106.709,0
USDJPY,2018-02-21,107.373,107.889,107.303,107.381,0
USDJPY,2018-02-22,107.63,107.757,106.649,107.555,0
USDJPY,2018-02-23,106.845,107.114,106.523,106.814,0
USDJPY,2018-02-26,107.052,107.063,106.383,107.074,0
USDJPY,2018-02-27,107.086,107.64,106.795,107.069,0
USDJPY,2018-02-28,107.464,107.522,106.583,107.426,0
USDJPY,2018-03-01,106.643,107.193,106.567,106.64,0
USDJPY,2018-03-02,106.175,106.283,105.2635,106.163,0
USDJPY,2018-03-05,105.56,105.983,105.349,105.556,0
USDJPY,2018-03-06,106.276,106.453,105.853,106.25,0
USDJPY,2018-03-07,105.614,106.18,105.511,105.537,0
USDJPY,2018-03-08,106.169,106.254,105.898,106.186,0
USDJPY,2018-03-09,106.403,107.029,106.359,106.406,0
USDJPY,2018-03-12,106.886,106.966,106.374,106.891,0
USDJPY,2018-03-13,106.318,107.275,106.263,106.26,0
USDJPY,2018-03-14,106.549,106.734,106.084,106.508,0
USDJPY,2018-03-15,106.154,106.172,105.79,106.155,0
USDJPY,2018-03-16,106.328,106.328,105.607,106.309,0
USDJPY,2018-03-19,105.968,106.298,105.681,105.969,0
USDJPY,2018-03-20,106.038,106.583,105.984,105.996,0
USDJPY,2018-03-21,106.48,106.512,106.139,106.469,0
USDJPY,2018-03-22,105.917,105.961,105.283,105.929,0
USDJPY,2018-03-23,104.979,105.279,104.667,104.968,0
USDJPY,2018-03-26,104.84,105.244,104.736,104.859,0
USDJPY,2018-03-27,105.546,105.888,105.459,105.5,0
USDJPY,2018-03-28,105.522,106.324,105.431,105.493,0
USDJPY,2018-03-29,106.799,106.926,106.2595,106.812,0
USDJPY,2018-03-30,106.474,106.504,106.116,106.479,0
USDJPY,2018-04-02,106.318,106.446,105.962,106.312,0
USDJPY,2018-04-03,105.805,106.59,105.695,105.799,0
USDJPY,2018-04-04,106.429,106.68,105.995,106.436,0
USDJPY,2018-04-05,106.784,107.481,106.716,106.774,0
USDJPY,2018-04-06,107.081,107.454,106.969,107.052,0
USDJPY,2018-04-09,106.95,107.199,106.853,106.968,0
USDJPY,2018-04-10,106.72,107.393,106.629,106.749,0
USDJPY,2018-04-11,107.111,107.149,106.654,107.113,0
USDJPY,2018-04-12,106.814,107.412,106.703,106.829,0
USDJPY,2018-04-13,107.28,107.774,107.259,107.222,0
USDJPY,2018-04-16,107.488,107.505,107.136,107.498,0
USDJPY,2018-04-17,107.008,107.196,106.884,107.046,0
USDJPY,2018-04-18,107.028,107.378,107.007,107.016,0
USDJPY,2018-04-19,107.362,107.511,107.27,107.346,0
USDJPY,2018-04-20,107.44,107.848,107.405,107.432,0
USDJPY,2018-04-23,107.843,108.63,107.733,107.869,0
USDJPY,2018-04-24,108.748,109.188,108.702,108.761,0
USDJPY,2018-04-25,108.802,109.374,108.789,108.803,0
USDJPY,2018-04-26,109.367,109.448,109.073,109.364,0
USDJPY,2018-04-27,109.315,109.533,108.98,109.3,0
USDJPY,2018-04-30,109.095,109.4395,109.02,109.098,0
USDJPY,2018-05-01,109.306,109.787,109.258,109.323,0
USDJPY,2018-05-02,109.846,109.998,109.652,109.872,0
USDJPY,2018-05-03,109.822,109.844,108.93,109.827,0
USDJPY,2018-05-04,109.119,109.261,108.649,109.096,0
USDJPY,2018-05-07,109.139,109.382,108.757,109.146,0
USDJPY,2018-05-08,108.94,109.331,108.858,108.943,0
USDJPY,2018-05-09,109.039,109.821,109.001,109.024,0
USDJPY,2018-05-10,109.826,109.987,109.332,109.847,0
USDJPY,2018-05-11,109.464,109.562,109.161,109.436,0
USDJPY,2018-05-14,109.326,109.635,109.21,109.338,0
USDJPY,2018-05-15,109.729,110.362,109.673,109.731,0
USDJPY,2018-05-16,110.283,110.379,110.043,110.297,0
USDJPY,2018-05-17,110.38,110.858,110.095,110.359,0
USDJPY,2018-05-18,110.844,111.072,110.656,110.828,0
USDJPY,2018-05-21,110.918,111.385,110.906,110.88,0
USDJPY,2018-05-22,111.007,111.171,110.801,110.978,0
USDJPY,2018-05-23,110.73,110.874,109.559,110.726,0
USDJPY,2018-05-24,109.909,109.913,108.976,109.869,0
USDJPY,2018-05-25,109.33,109.721,109.119,109.312,0
USDJPY,2018-05-28,109.637,109.731,109.251,109.623,0
USDJPY,2018-05-29,109.387,109.387,108.476,109.389,0
USDJPY,2018-05-30,108.449,109.06,108.399,108.394,0
USDJPY,2018-05-31,108.724,108.984,108.4,108.712,0
USDJPY,2018-06-01,108.765,109.72,108.762,108.749,0
USDJPY,2018-06-04,109.598,109.749,109.373,109.598,0
USDJPY,2018-06-05,109.973,109.986,109.593,109.963,0
USDJPY,2018-06-06,109.873,110.215,109.801,109.859,0
USDJPY,2018-06-07,110.117,110.215,109.85,110.125,0
USDJPY,2018-06-08,109.722,109.845,109.199,109.694,0
USDJPY,2018-06-11,109.51,110.047,109.399,109.443,0
USDJPY,2018-06-12,110.362,110.47,110.1,110.386,0
USDJPY,2018-06-13,110.466,110.704,110.343,110.452,0
USDJPY,2018-06-14,110.244,110.457,109.919,110.242,0
USDJPY,2018-06-15,110.661,110.897,110.392,110.645,0
USDJPY,2018-06-18,110.623,110.649,110.308,110.617,0
USDJPY,2018-06-19,110.169,110.193,109.559,110.138,0
USDJPY,2018-06-20,110.081,110.244,109.87,110.071,0
USDJPY,2018-06-21,110.344,110.749,109.886,110.352,0
USDJPY,2018-06-22,109.936,110.209,109.802,109.952,0
USDJPY,2018-06-25,109.935,109.935,109.381,109.937,0
USDJPY,2018-06-26,109.633,110.016,109.389,109.643,0
USDJPY,2018-06-27,110.13,110.479,109.688,110.097,0
USDJPY,2018-06-28,110.229,110.411,109.974,110.215,0
USDJPY,2018-06-29,110.442,110.871,110.388,110.486,0
USDJPY,2018-07-02,110.745,111.053,110.606,110.71,0
USDJPY,2018-07-03,110.887,111.126,110.51,110.871,0
USDJPY,2018-07-04,110.4,110.546,110.282,110.408,0
USDJPY,2018-07-05,110.497,110.703,110.295,110.502,0
USDJPY,2018-07-06,110.555,110.778,110.384,110.579,0
USDJPY,2018-07-09,110.423,110.776,110.36,110.422,0
USDJPY,2018-07-10,110.941,111.343,110.924,110.953,0
USDJPY,2018-07-11,110.875,111.62,110.774,110.831,0
USDJPY,2018-07-12,111.986,112.616,111.986,111.958,0
USDJPY,2018-07-13,112.655,112.793,112.369,112.665,0
USDJPY,2018-07-16,112.403,112.549,112.251,112.399,0
USDJPY,2018-07-17,112.363,112.899,112.235,112.374,0
USDJPY,2018-07-18,112.991,113.129,112.72,113.012,0
USDJPY,2018-07-19,112.802,113.147,112.654,112.791,0
USDJPY,2018-07-20,112.372,112.613,111.646,112.363,0
USDJPY,2018-07-23,111.058,111.421,110.779,111.053,0
USDJPY,2018-07-24,111.45,111.45,110.976,111.46,0
USDJPY,2018-07-25,111.268,111.36,110.905,111.241,0
USDJPY,2018-07-26,110.876,111.199,110.603,110.845,0
USDJPY,2018-07-27,111.139,111.216,110.905,111.146,0
USDJPY,2018-07-30,110.922,111.156,110.894,110.934,0
USDJPY,2018-07-31,110.989,111.953,110.859,110.994,0
USDJPY,2018-08-01,111.795,112.137,111.7,111.808,0
USDJPY,2018-08-02,111.637,111.724,111.33,111.62,0
USDJPY,2018-08-03,111.699,111.783,111.1,111.69,0
USDJPY,2018-08-06,111.217,111.522,111.167,111.234,0
USDJPY,2018-08-07,111.328,111.364,110.999,111.34,0
USDJPY,2018-08-08,111.347,111.42,110.84,111.345,0
USDJPY,2018-08-09,110.903,111.178,110.71,110.892,0
USDJPY,2018-08-10,111.064,111.128,110.518,111.091,0
USDJPY,2018-08-13,110.649,110.927,110.115,110.629,0
USDJPY,2018-08-14,110.598,111.123,110.598,110.661,0
USDJPY,2018-08-15,111.253,111.418,110.436,111.246,0
USDJPY,2018-08-16,110.585,110.91,110.472,110.576,0
USDJPY,2018-08-17,110.993,111.035,110.323,111.004,0
USDJPY,2018-08-20,110.477,110.675,110.31,110.475,0
USDJPY,2018-08-21,109.936,110.489,109.776,109.948,0
USDJPY,2018-08-22,110.101,110.609,110.03,110.134,0
USDJPY,2018-08-23,110.56,111.285,110.552,110.588,0
USDJPY,2018-08-24,111.338,111.481,111.141,111.367,0
USDJPY,2018-08-27,111.289,111.338,110.944,111.282,0
USDJPY,2018-08-28,111.126,111.351,110.94,111.137,0
USDJPY,2018-08-29,111.161,111.812,111.129,111.162,0
USDJPY,2018-08-30,111.691,111.746,111.136,111.712,0
USDJPY,2018-08-31,110.998,111.086,110.686,110.999,0
USDJPY,2018-09-03,111.141,111.166,110.851,111.144,0
USDJPY,2018-09-04,111.061,111.525,110.917,111.088,0
USDJPY,2018-09-05,111.446,111.752,111.405,111.461,0
USDJPY,2018-09-06,111.431,111.431,110.847,111.449,0
USDJPY,2018-09-07,110.486,111.233,110.395,110.495,0
USDJPY,2018-09-10,110.914,111.185,110.875,110.92,0
USDJPY,2018-09-11,111.159,111.592,111.151,111.148,0
USDJPY,2018-09-12,111.598,111.602,111.219,111.607,0
USDJPY,2018-09-13,111.172,111.945,111.172,111.22,0
USDJPY,2018-09-14,112.047,112.165,111.754,112.012,0
USDJPY,2018-09-17,111.951,112.117,111.857,111.953,0
USDJPY,2018-09-18,111.667,112.375,111.667,111.69,0
USDJPY,2018-09-19,112.287,112.426,112.19,112.277,0
USDJPY,2018-09-20,112.317,112.575,112.06,112.317,0
USDJPY,2018-09-21,112.483,112.871,112.464,112.495,0
USDJPY,2018-09-24,112.525,112.684,112.444,112.524,0
USDJPY,2018-09-25,112.795,112.957,112.74,112.786,0
USDJPY,2018-09-26,112.977,113.046,112.77,112.969,0
USDJPY,2018-09-27,112.7,113.395,112.57,112.704,0
USDJPY,2018-09-28,113.389,113.649,113.33,113.357,0
USDJPY,2018-10-01,113.784,114.054,113.738,113.796,0
USDJPY,2018-10-02,113.958,114.007,113.528,113.946,0
USDJPY,2018-10-03,113.574,114.224,113.518,113.577,0
USDJPY,2018-10-04,114.489,114.511,113.662,114.486,0
USDJPY,2018-10-05,113.899,114.086,113.564,113.894,0
USDJPY,2018-10-08,113.696,113.94,113.002,113.715,0
USDJPY,2018-10-09,113.093,113.38,112.94,113.097,0
USDJPY,2018-10-10,112.999,113.272,112.605,112.998,0
USDJPY,2018-10-11,112.121,112.518,111.987,112.092,0
USDJPY,2018-10-12,112.102,112.49,112.007,112.08,0
USDJPY,2018-10-15,112.219,112.219,111.623,112.192,0
USDJPY,2018-10-16,111.847,112.285,111.813,111.841,0
USDJPY,2018-10-17,112.314,112.414,112.018,112.342,0
USDJPY,2018-10-18,112.618,112.725,112.09,112.628,0
USDJPY,2018-10-19,112.211,112.623,112.199,112.185,0
USDJPY,2018-10-22,112.451,112.874,112.352,112.48,0
USDJPY,2018-10-23,112.741,112.795,111.962,112.757,0
USDJPY,2018-10-24,112.447,112.737,112.331,112.444,0
USDJPY,2018-10-25,112.029,112.631,111.825,112.012,0
USDJPY,2018-10-26,112.313,112.434,111.385,112.35,0
USDJPY,2018-10-29,111.912,112.551,111.79,111.908,0
USDJPY,2018-10-30,112.307,112.973,112.307,112.324,0
USDJPY,2018-10-31,113.057,113.375,112.828,113.052,0
USDJPY,2018-11-01,112.846,112.995,112.642,112.851,0
USDJPY,2018-11-02,112.723,113.103,112.661,112.715,0
USDJPY,2018-11-05,113.133,113.321,113.075,113.139,0
USDJPY,2018-11-06,113.273,113.436,113.108,113.246,0
USDJPY,2018-11-07,113.352,113.808,112.95,113.363,0
USDJPY,2018-11-08,113.566,113.875,113.551,113.547,0
USDJPY,2018-11-09,113.959,114.002,113.656,113.953,0
USDJPY,2018-11-12,113.838,114.184,113.66,113.846,0
USDJPY,2018-11-13,113.66,114.14,113.592,113.696,0
USDJPY,2018-11-14,113.793,113.996,113.655,113.789,0
USDJPY,2018-11-15,113.559,113.65,113.101,113.564,0
USDJPY,2018-11-16,113.559,113.602,112.679,113.555,0
USDJPY,2018-11-19,112.727,112.865,112.449,112.73,0
USDJPY,2018-11-20,112.456,112.731,112.3,112.443,0
USDJPY,2018-11-21,112.712,113.142,112.702,112.703,0
USDJPY,2018-11-22,113.021,113.123,112.88,113.021,0
USDJPY,2018-11-23,112.998,113.005,112.664,112.978,0
USDJPY,2018-11-26,112.924,113.588,112.904,112.919,0
USDJPY,2018-11-27,113.515,113.832,113.406,113.504,0
USDJPY,2018-11-28,113.777,114.015,113.71,113.767,0
USDJPY,2018-11-29,113.57,113.608,113.201,113.555,0
USDJPY,2018-11-30,113.412,113.596,113.338,113.411,0
USDJPY,2018-12-03,113.758,113.758,113.373,113.763,0
USDJPY,2018-12-04,113.589,113.614,112.72,113.587,0
USDJPY,2018-12-05,112.697,113.226,112.683,112.699,0
USDJPY,2018-12-06,113.062,113.153,112.24,113.051,0
USDJPY,2018-12-07,112.731,112.925,112.563,112.689,0
USDJPY,2018-12-10,112.506,113.049,112.249,112.502,0
USDJPY,2018-12-11,113.2,113.453,113.006,113.181,0
USDJPY,2018-12-12,113.384,113.512,113.16,113.384,0
USDJPY,2018-12-13,113.287,113.702,113.287,113.285,0
USDJPY,2018-12-14,113.573,113.668,113.319,113.56,0
USDJPY,2018-12-17,113.391,113.517,112.877,113.39,0
USDJPY,2018-12-18,112.832,112.832,112.25,112.829,0
USDJPY,2018-12-19,112.497,112.584,112.133,112.524,0
USDJPY,2018-12-20,112.422,112.599,111.331,112.41,0
USDJPY,2018-12-21,111.198,111.45,110.939,111.171,0
USDJPY,2018-12-24,111.1,111.14,110.267,111.054,0
USDJPY,2018-12-25,110.314,110.344,109.991,110.311,0
USDJPY,2018-12-26,110.431,110.698,110.286,110.402,0
USDJPY,2018-12-27,111.221,111.222,110.653,111.206,0
USDJPY,2018-12-28,110.86,110.93,110.222,110.855,0
USDJPY,2018-12-31,110.324,110.468,109.659,110.33,0
USDJPY,2019-01-01,109.63,109.634,109.59,109.63,0
USDJPY,2019-01-02,109.66,109.674,108.73,109.668,0
USDJPY,2019-01-03,107.45,108.271,106.776,107.441,0
USDJPY,2019-01-04,107.866,108.583,107.513,107.808,0
USDJPY,2019-01-07,108.489,108.625,108.036,108.522,0
USDJPY,2019-01-08,108.643,109.077,108.45,108.616,0
USDJPY,2019-01-09,108.751,108.98,108.064,108.776,0
USDJPY,2019-01-10,108.162,108.323,107.773,108.189,0
USDJPY,2019-01-11,108.287,108.571,108.154,108.298,0
USDJPY,2019-01-14,108.466,108.475,107.998,108.458,0
USDJPY,2019-01-15,108.245,108.75,108.207,108.25,0
USDJPY,2019-01-16,108.654,108.907,108.371,108.644,0
USDJPY,2019-01-17,109.036,109.088,108.689,109.037,0
USDJPY,2019-01-18,109.143,109.792,109.143,109.153,0
USDJPY,2019-01-21,109.657,109.698,109.482,109.661,0
USDJPY,2019-01-22,109.663,109.678,109.28,109.67,0
USDJPY,2019-01-23,109.365,109.974,109.365,109.355,0
USDJPY,2019-01-24,109.477,109.792,109.427,109.492,0
USDJPY,2019-01-25,109.592,109.943,109.535,109.597,0
USDJPY,2019-01-28,109.388,109.519,109.164,109.4,0
USDJPY,2019-01-29,109.263,109.53,109.141,109.254,0
USDJPY,2019-01-30,109.412,109.736,109.226,109.417,0
USDJPY,2019-01-31,108.957,108.995,108.5,108.981,0
USDJPY,2019-02-01,108.846,109.562,108.75,108.844,0
USDJPY,2019-02-04,109.48,110.14,109.473,109.438,0
USDJPY,2019-02-05,109.985,110.034,109.787,109.961,0
USDJPY,2019-02-06,109.935,110.049,109.559,109.941,0
USDJPY,2019-02-07,109.986,110.077,109.604,109.974,0
USDJPY,2019-02-08,109.76,109.89,109.654,109.756,0
USDJPY,2019-02-11,109.817,110.445,109.777,109.81,0
USDJPY,2019-02-12,110.392,110.645,110.348,110.4,0
USDJPY,2019-02-13,110.513,110.881,110.502,110.515,0
USDJPY,2019-02-14,110.938,111.121,110.511,110.923,0
USDJPY,2019-02-15,110.539,110.637,110.26,110.538,0
USDJPY,2019-02-18,110.543,110.607,110.464,110.564,0
USDJPY,2019-02-19,110.599,110.811,110.454,110.591,0
USDJPY,2019-02-20,110.597,110.944,110.594,110.572,0
USDJPY,2019-02-21,110.779,110.849,110.597,110.765,0
USDJPY,2019-02-22,110.701,110.9,110.63,110.708,0
USDJPY,2019-02-25,110.769,111.071,110.579,110.772,0
USDJPY,2019-02-26,111.035,111.066,110.67,111.046,0
USDJPY,2019-02-27,110.551,110.966,110.357,110.556,0
USDJPY,2019-02-28,110.873,111.435,110.66,110.862,0
USDJPY,2019-03-01,111.371,111.976,111.371,111.357,0
USDJPY,2019-03-04,111.923,112.007,111.663,111.938,0
USDJPY,2019-03-05,111.76,112.129,111.76,111.777,0
USDJPY,2019-03-06,111.855,111.91,111.614,111.866,0
USDJPY,2019-03-07,111.642,111.841,111.48,111.623,0
USDJPY,2019-03-08,111.638,111.639,110.83,111.634,0
USDJPY,2019-03-11,111.077,111.296,110.878,111.08,0
USDJPY,2019-03-12,111.324,111.453,111.107,111.342,0
USDJPY,2019-03-13,111.322,111.455,111.145,111.306,0
USDJPY,2019-03-14,111.196,111.722,111.145,111.196,0
USDJPY,2019-03-15,111.771,111.896,111.39,111.753,0
USDJPY,2019-03-18,111.548,111.62,111.412,111.561,0
USDJPY,2019-03-19,111.384,111.469,111.159,111.373,0
USDJPY,2019-03-20,111.428,111.688,111.375,111.401,0
USDJPY,2019-03-21,110.644,110.945,110.309,110.66,0
USDJPY,2019-03-22,110.812,110.885,109.74,110.806,0
USDJPY,2019-03-25,110.12,110.229,109.729,110.081,0
USDJPY,2019-03-26,110.064,110.675,110.001,110.068,0
USDJPY,2019-03-27,110.548,110.693,110.247,110.554,0
USDJPY,2019-03-28,110.485,110.817,110.031,110.49,0
USDJPY,2019-03-29,110.678,110.936,110.54,110.637,0
USDJPY,2019-04-01,110.993,111.311,110.863,110.995,0
USDJPY,2019-04-02,111.434,111.434,111.251,111.451,0
USDJPY,2019-04-03,111.32,111.574,111.21,111.305,0
USDJPY,2019-04-04,111.373,111.617,111.338,111.395,0
USDJPY,2019-04-05,111.657,111.816,111.61,111.658,0
USDJPY,2019-04-08,111.697,111.703,111.284,111.711,0
USDJPY,2019-04-09,111.45,111.564,110.99,111.456,0
USDJPY,2019-04-10,111.105,111.24,110.887,111.105,0
USDJPY,2019-04-11,110.991,111.521,110.991,110.985,0
USDJPY,2019-04-12,111.649,112.02,111.635,111.621,0
USDJPY,2019-04-15,112.035,112.083,111.888,112.028,0
USDJPY,2019-04-16,111.951,112.034,111.849,111.943,0
USDJPY,2019-04-17,111.987,112.158,111.926,111.993,0
USDJPY,2019-04-18,112.044,112.044,111.782,112.036,0
USDJPY,2019-04-19,111.986,112.003,111.897,111.989,0
USDJPY,2019-04-22,111.909,111.987,111.884,111.91,0
USDJPY,2019-04-23,111.933,112.024,111.664,111.929,0
USDJPY,2019-04-24,111.865,111.968,111.69,111.877,0
USDJPY,2019-04-25,112.14,112.226,111.401,112.13,0
USDJPY,2019-04-26,111.506,111.908,111.427,111.539,0
USDJPY,2019-04-29,111.601,111.883,111.575,111.593,0
USDJPY,2019-04-30,111.678,111.678,111.23,111.677,0
USDJPY,2019-05-01,111.404,111.544,111.136,111.395,0
USDJPY,2019-05-02,111.45,111.655,111.379,111.452,0
USDJPY,2019-05-03,111.487,111.622,111.15,111.495,0
USDJPY,2019-05-06,110.599,110.946,110.299,110.623,0
USDJPY,2019-05-07,110.805,110.805,110.33,110.805,0
USDJPY,2019-05-08,110.238,110.24,109.908,110.257,0
USDJPY,2019-05-09,110.022,110.066,109.476,110.028,0
USDJPY,2019-05-10,109.858,110.038,109.504,109.807,0
USDJPY,2019-05-13,109.637,109.797,109.029,109.654,0
USDJPY,2019-05-14,109.173,109.76,109.153,109.154,0
USDJPY,2019-05-15,109.681,109.696,109.161,109.671,0
USDJPY,2019-05-16,109.447,109.95,109.349,109.475,0
USDJPY,2019-05-17,109.851,110.003,109.508,109.871,0
USDJPY,2019-05-20,110.154,110.303,109.81,110.16,0
USDJPY,2019-05-21,110.101,110.648,110.058,110.07,0
USDJPY,2019-05-23,110.225,110.349,109.556,110.221,0
USDJPY,2019-05-24,109.556,109.724,109.28,109.558,0
USDJPY,2019-05-27,109.4,109.575,109.38,109.401,0
USDJPY,2019-05-28,109.503,109.622,109.21,109.509,0
USDJPY,2019-05-29,109.366,109.441,109.152,109.346,0
USDJPY,2019-05-30,109.555,109.921,109.488,109.542,0
USDJPY,2019-05-31,109.3,109.388,108.563,109.357,0
USDJPY,2019-06-03,108.227,108.431,108.067,108.212,0
USDJPY,2019-06-04,108.059,108.355,107.854,108.027,0
USDJPY,2019-06-05,108.229,108.354,107.82,108.254,0
USDJPY,2019-06-06,108.344,108.403,108.035,108.328,0
USDJPY,2019-06-07,108.457,108.604,107.898,108.454,0
USDJPY,2019-06-10,108.447,108.708,108.368,108.449,0
USDJPY,2019-06-11,108.367,108.797,108.359,108.359,0
USDJPY,2019-06-12,108.484,108.558,108.218,108.474,0
USDJPY,2019-06-13,108.505,108.522,108.165,108.488,0
USDJPY,2019-06-14,108.315,108.497,108.16,108.321,0
USDJPY,2019-06-17,108.562,108.723,108.528,108.576,0
USDJPY,2019-06-18,108.538,108.674,108.097,108.539,0
USDJPY,2019-06-19,108.58,108.606,108.25,108.573,0
USDJPY,2019-06-20,108.105,108.105,107.473,108.115,0
USDJPY,2019-06-21,107.295,107.723,107.046,107.277,0
USDJPY,2019-06-24,107.32,107.515,107.251,107.312,0
USDJPY,2019-06-25,107.349,107.404,106.783,107.327,0
USDJPY,2019-06-26,107.183,107.75,107.164,107.166,0
USDJPY,2019-06-27,107.734,108.153,107.654,107.738,0
USDJPY,2019-06-28,107.772,107.848,107.564,107.747,0
USDJPY,2019-07-01,108.367,108.528,108.108,108.382,0
USDJPY,2019-07-02,108.386,108.466,107.928,108.366,0
USDJPY,2019-07-03,107.823,107.862,107.526,107.805,0
USDJPY,2019-07-04,107.756,107.83,107.707,107.779,0
USDJPY,2019-07-05,107.814,108.613,107.809,107.808,0
USDJPY,2019-07-08,108.475,108.725,108.278,108.474,0
USDJPY,2019-07-09,108.732,108.958,108.716,108.721,0
USDJPY,2019-07-10,108.924,108.984,108.396,108.924,0
USDJPY,2019-07-11,108.332,108.346,107.859,108.334,0
USDJPY,2019-07-12,108.592,108.592,107.955,108.588,0
USDJPY,2019-07-15,107.828,108.096,107.808,107.832,0
USDJPY,2019-07-16,107.89,108.36,107.88,107.889,0
USDJPY,2019-07-17,108.211,108.318,108.068,108.201,0
USDJPY,2019-07-18,107.92,107.999,107.621,107.937,0
USDJPY,2019-07-19,107.41,107.783,107.338,107.401,0
USDJPY,2019-07-22,107.832,108.059,107.712,107.81,0
USDJPY,2019-07-23,107.882,108.275,107.838,107.904,0
USDJPY,2019-07-24,108.228,108.259,107.95,108.232,0
USDJPY,2019-07-25,108.179,108.582,108.04,108.189,0
USDJPY,2019-07-26,108.669,108.823,108.556,108.666,0
USDJPY,2019-07-29,108.627,108.891,108.427,108.633,0
USDJPY,2019-07-30,108.863,108.931,108.45,108.866,0
USDJPY,2019-07-31,108.553,108.647,108.495,108.562,0
USDJPY,2019-08-01,108.815,109.279,108.159,108.82,0
USDJPY,2019-08-02,107.401,107.482,106.553,107.431,0
USDJPY,2019-08-05,106.596,106.617,105.81,106.577,0
USDJPY,2019-08-06,105.623,107.046,105.572,105.593,0
USDJPY,2019-08-07,106.29,106.352,105.561,106.337,0
USDJPY,2019-08-08,106.125,106.287,105.913,106.121,0
USDJPY,2019-08-09,105.875,106.041,105.346,105.874,0
USDJPY,2019-08-12,105.4,105.559,105.049,105.382,0
USDJPY,2019-08-13,105.384,106.933,105.073,105.358,0
USDJPY,2019-08-14,106.589,106.599,105.708,106.59,0
USDJPY,2019-08-15,105.91,106.506,105.71,105.916,0
USDJPY,2019-08-16,106.092,106.477,106.026,106.083,0
USDJPY,2019-08-19,106.412,106.663,106.248,106.43,0
USDJPY,2019-08-20,106.568,106.684,106.184,106.574,0
USDJPY,2019-08-21,106.292,106.588,106.274,106.274,0
USDJPY,2019-08-22,106.6,106.647,106.27,106.597,0
USDJPY,2019-08-23,106.485,106.719,105.295,106.468,0
USDJPY,2019-08-26,104.871,106.287,104.871,104.852,0
USDJPY,2019-08-27,105.988,106.057,105.586,105.978,0
USDJPY,2019-08-28,105.747,105.934,105.654,105.738,0
USDJPY,2019-08-29,106.091,106.534,105.833,106.07,0
USDJPY,2019-08-30,106.466,106.537,106.116,106.438,0
USDJPY,2019-09-02,106.154,106.393,106.075,106.128,0
USDJPY,2019-09-03,106.194,106.378,105.75,106.193,0
USDJPY,2019-09-04,105.863,106.321,105.832,105.861,0
USDJPY,2019-09-05,106.343,107.193,106.336,106.325,0
USDJPY,2019-09-06,107.07,107.09,106.63,107.072,0
USDJPY,2019-09-09,106.941,107.168,106.77,106.945,0
USDJPY,2019-09-10,107.317,107.496,107.205,107.337,0
USDJPY,2019-09-11,107.582,107.847,107.559,107.6,0
USDJPY,2019-09-12,107.999,108.135,107.54,108.021,0
USDJPY,2019-09-13,108.178,108.255,107.92,108.176,0
USDJPY,2019-09-16,107.765,108.055,107.499,107.765,0
USDJPY,2019-09-17,108.145,108.34,108.027,108.161,0
USDJPY,2019-09-18,108.101,108.266,108.097,108.087,0
USDJPY,2019-09-19,108.435,108.464,107.802,108.425,0
USDJPY,2019-09-20,108.068,108.068,107.77,108.041,0
USDJPY,2019-09-23,107.635,107.763,107.31,107.652,0
USDJPY,2019-09-24,107.607,107.765,107.25,107.614,0
USDJPY,2019-09-25,107.177,107.791,107.005,107.163,0
USDJPY,2019-09-26,107.682,107.721,107.435,107.692,0
USDJPY,2019-09-27,107.744,108.173,107.656,107.756,0
USDJPY,2019-09-30,107.932,108.14,107.745,107.944,0
USDJPY,2019-10-01,108.058,108.448,107.67,108.069,0
USDJPY,2019-10-02,107.732,107.884,107.184,107.737,0
USDJPY,2019-10-03,107.15,107.291,106.506,107.163,0
USDJPY,2019-10-04,106.823,107.114,106.657,106.826,0
USDJPY,2019-10-07,106.763,107.068,106.689,106.764,0
USDJPY,2019-10-08,107.256,107.436,106.811,107.251,0
USDJPY,2019-10-09,106.951,107.453,106.951,106.961,0
USDJPY,2019-10-10,107.223,107.972,107.182,107.178,0
USDJPY,2019-10-11,107.852,108.608,107.852,107.88,0
USDJPY,2019-10-14,108.459,108.459,108.051,108.459,0
USDJPY,2019-10-15,108.376,108.88,108.156,108.388,0
USDJPY,2019-10-16,108.817,108.84,108.605,108.817,0
USDJPY,2019-10-17,108.675,108.918,108.512,108.677,0
USDJPY,2019-10-18,108.591,108.717,108.42,108.581,0
USDJPY,2019-10-21,108.405,108.66,108.369,108.408,0
USDJPY,2019-10-22,108.603,108.717,108.466,108.601,0
USDJPY,2019-10-23,108.473,108.663,108.253,108.483,0
USDJPY,2019-10-24,108.612,108.742,108.502,108.642,0
USDJPY,2019-10-25,108.612,108.758,108.516,108.606,0
USDJPY,2019-10-28,108.726,109.031,108.658,108.734,0
USDJPY,2019-10-29,108.969,109.043,108.802,108.964,0
USDJPY,2019-10-30,108.886,108.969,108.811,108.874,0
USDJPY,2019-10-31,108.794,108.855,108.054,108.789,0
USDJPY,2019-11-01,108.017,108.236,107.912,107.996,0
USDJPY,2019-11-04,108.21,108.609,108.205,108.22,0
USDJPY,2019-11-05,108.698,109.19,108.651,108.694,0
USDJPY,2019-11-06,109.132,109.174,108.829,109.146,0
USDJPY,2019-11-07,108.914,109.426,108.657,108.913,0
USDJPY,2019-11-08,109.272,109.463,109.083,109.274,0
USDJPY,2019-11-11,109.211,109.238,108.905,109.226,0
USDJPY,2019-11-12,109.047,109.288,108.986,109.042,0
USDJPY,2019-11-13,108.997,109.141,108.677,108.993,0
USDJPY,2019-11-14,108.787,108.857,108.274,108.798,0
USDJPY,2019-11-15,108.486,108.852,108.453,108.492,0
USDJPY,2019-11-18,108.703,109.063,108.516,108.699,0
USDJPY,2019-11-19,108.681,108.83,108.452,108.662,0
USDJPY,2019-11-20,108.485,108.721,108.358,108.445,0
USDJPY,2019-11-21,108.486,108.664,108.278,108.478,0
USDJPY,2019-11-22,108.579,108.717,108.477,108.585,0
USDJPY,2019-11-25,108.729,108.956,108.699,108.73,0
USDJPY,2019-11-26,108.993,109.171,108.877,108.992,0
USDJPY,2019-11-27,109.084,109.393,109.06,109.097,0
USDJPY,2019-11-28,109.376,109.543,109.343,109.367,0
USDJPY,2019-11-29,109.517,109.662,109.425,109.512,0
USDJPY,2019-12-02,109.532,109.72,108.999,109.535,0
USDJPY,2019-12-03,109.014,109.204,108.5,109.022,0
USDJPY,2019-12-04,108.67,108.89,108.43,108.653,0
USDJPY,2019-12-05,108.838,108.987,108.671,108.832,0
USDJPY,2019-12-06,108.754,108.908,108.548,108.738,0
USDJPY,2019-12-09,108.615,108.626,108.428,108.627,0
USDJPY,2019-12-10,108.599,108.751,108.52,108.582,0
USDJPY,2019-12-11,108.771,108.783,108.637,108.764,0
USDJPY,2019-12-12,108.541,109.299,108.457,108.549,0
USDJPY,2019-12-13,109.414,109.696,109.209,109.413,0
USDJPY,2019-12-16,109.38,109.669,109.354,109.4,0
USDJPY,2019-12-17,109.572,109.628,109.463,109.576,0
USDJPY,2019-12-18,109.523,109.622,109.398,109.516,0
USDJPY,2019-12-19,109.545,109.67,109.215,109.551,0
USDJPY,2019-12-20,109.391,109.49,109.259,109.383,0
USDJPY,2019-12-23,109.493,109.493,109.338,109.499,0
USDJPY,2019-12-24,109.383,109.428,109.323,109.382,0
USDJPY,2019-12-25,109.38,109.782,109.31,109.383,0
USDJPY,2019-12-26,109.373,109.682,109.367,109.369,0
USDJPY,2019-12-27,109.538,109.586,109.426,109.542,0
USDJPY,2019-12-30,109.438,109.438,108.773,109.428,0
USDJPY,2019-12-31,108.868,108.868,108.469,108.873,0
USDJPY,2020-01-01,108.68,111.41,108.63,108.681,0
USDJPY,2020-01-02,108.714,108.86,108.221,108.713,0
USDJPY,2020-01-03,108.54,108.551,107.915,108.543,0
USDJPY,2020-01-06,107.999,108.41,107.922,107.964,0
USDJPY,2020-01-07,108.411,108.617,108.261,108.406,0
USDJPY,2020-01-08,107.978,109.089,107.657,108.016,0
USDJPY,2020-01-09,109.049,109.576,109.049,109.031,0
USDJPY,2020-01-10,109.499,109.675,109.456,109.507,0
USDJPY,2020-01-13,109.534,109.935,109.532,109.566,0
USDJPY,2020-01-14,110.0,110.171,109.891,109.992,0
USDJPY,2020-01-15,109.874,109.996,109.792,109.854,0
USDJPY,2020-01-16,109.876,110.17,109.876,109.883,0
USDJPY,2020-01-17,110.169,110.275,110.058,110.175,0
USDJPY,2020-01-20,110.195,110.213,110.114,110.18,0
USDJPY,2020-01-21,110.179,110.218,109.862,110.173,0
USDJPY,2020-01-22,109.919,110.077,109.837,109.908,0
USDJPY,2020-01-23,109.736,109.75,109.269,109.728,0
USDJPY,2020-01-24,109.565,109.646,109.305,109.552,0
USDJPY,2020-01-27,108.814,109.132,108.814,108.802,0
USDJPY,2020-01-28,108.929,109.188,108.762,108.92,0
USDJPY,2020-01-29,109.13,109.226,108.994,109.132,0
USDJPY,2020-01-30,108.996,109.038,108.657,108.987,0
USDJPY,2020-01-31,108.909,109.115,108.341,108.877,0
USDJPY,2020-02-03,108.381,108.796,108.366,108.372,0
USDJPY,2020-02-04,108.61,109.438,108.558,108.612,0
USDJPY,2020-02-05,109.444,109.834,109.312,109.447,0
USDJPY,2020-02-06,109.804,109.98,109.781,109.814,0
USDJPY,2020-02-07,109.955,109.979,109.531,109.968,0
USDJPY,2020-02-10,109.629,109.87,109.611,109.645,0
USDJPY,2020-02-11,109.758,109.954,109.742,109.766,0
USDJPY,2020-02-12,109.837,110.121,109.79,109.843,0
USDJPY,2020-02-13,109.857,109.977,109.628,109.846,0
USDJPY,2020-02-14,109.786,109.908,109.705,109.758,0
USDJPY,2020-02-17,109.777,109.954,109.721,109.791,0
USDJPY,2020-02-18,109.829,109.94,109.656,109.83,0
USDJPY,2020-02-19,109.928,111.302,109.866,109.919,0
USDJPY,2020-02-20,111.202,112.186,111.113,111.21,0
USDJPY,2020-02-21,111.967,112.168,111.517,111.954,0
USDJPY,2020-02-24,111.555,111.657,110.51,111.557,0
USDJPY,2020-02-25,110.867,111.035,110.039,110.857,0
USDJPY,2020-02-26,110.279,110.689,110.148,110.286,0
USDJPY,2020-02-27,110.358,110.388,109.707,110.363,0
USDJPY,2020-02-28,109.658,109.658,107.778,109.66,0
USDJPY,2020-03-02,107.752,108.558,107.415,107.697,0
USDJPY,2020-03-03,108.447,108.447,107.221,108.487,0
USDJPY,2020-03-04,107.069,107.671,107.048,107.037,0
USDJPY,2020-03-05,107.653,107.653,106.508,107.677,0
USDJPY,2020-03-06,106.261,106.336,104.996,106.248,0
USDJPY,2020-03-09,103.973,104.257,101.283,103.938,0
USDJPY,2020-03-10,103.108,105.189,102.739,103.112,0
USDJPY,2020-03-11,105.071,105.281,104.119,105.026,0
USDJPY,2020-03-12,104.64,105.716,103.138,104.55,0
USDJPY,2020-03-13,104.709,107.471,104.691,104.61,0
USDJPY,2020-03-16,106.579,107.529,105.147,106.688,0
USDJPY,2020-03-17,106.259,107.561,106.079,106.175,0
USDJPY,2020-03-18,107.342,108.488,106.759,107.377,0
USDJPY,2020-03-19,108.413,110.139,108.197,108.36,0
USDJPY,2020-03-20,111.3,111.337,109.376,111.291,0
USDJPY,2020-03-23,110.404,111.349,109.681,110.462,0
USDJPY,2020-03-24,110.864,111.487,110.114,110.827,0
USDJPY,2020-03-25,111.115,111.668,110.752,111.12,0
USDJPY,2020-03-26,110.858,110.934,109.361,110.876,0
USDJPY,2020-03-27,109.136,109.364,107.884,109.109,0
USDJPY,2020-03-30,107.439,108.287,107.153,107.413,0
USDJPY,2020-03-31,108.056,108.712,107.465,108.035,0
USDJPY,2020-04-01,107.457,107.897,107.029,107.508,0
USDJPY,2020-04-02,107.286,107.978,107.034,107.257,0
USDJPY,2020-04-03,108.047,108.672,107.813,108.001,0
USDJPY,2020-04-06,108.679,109.353,108.679,108.693,0
USDJPY,2020-04-07,109.086,109.127,108.676,109.115,0
USDJPY,2020-04-08,108.665,109.074,108.513,108.651,0
USDJPY,2020-04-09,108.899,109.058,108.36,108.922,0
USDJPY,2020-04-10,108.551,108.564,108.329,108.561,0
USDJPY,2020-04-13,108.35,108.371,107.563,108.336,0
USDJPY,2020-04-14,107.632,107.749,107.073,107.623,0
USDJPY,2020-04-15,107.104,107.837,106.93,107.104,0
USDJPY,2020-04-16,107.616,108.077,107.186,107.609,0
USDJPY,2020-04-17,107.934,107.943,107.306,107.945,0
USDJPY,2020-04-20,107.689,107.946,107.602,107.67,0
USDJPY,2020-04-21,107.671,107.812,107.296,107.669,0
USDJPY,2020-04-22,107.75,107.931,107.526,107.721,0
USDJPY,2020-04-23,107.812,107.97,107.35,107.813,0
USDJPY,2020-04-24,107.649,107.75,107.413,107.667,0
USDJPY,2020-04-27,107.504,107.616,107.0,107.495,0
USDJPY,2020-04-28,107.286,107.334,106.562,107.283,0
USDJPY,2020-04-29,106.752,106.758,106.364,106.741,0
USDJPY,2020-04-30,106.601,107.108,106.416,106.61,0
USDJPY,2020-05-01,107.305,107.399,106.61,107.285,0
USDJPY,2020-05-04,106.751,107.055,106.672,106.738,0
USDJPY,2020-05-05,106.683,106.889,106.484,106.697,0
USDJPY,2020-05-06,106.431,106.431,106.024,106.452,0
USDJPY,2020-05-07,106.21,106.646,106.139,106.191,0
USDJPY,2020-05-08,106.39,106.72,106.233,106.359,0
USDJPY,2020-05-11,106.905,107.728,106.775,106.919,0
USDJPY,2020-05-12,107.588,107.673,107.216,107.566,0
USDJPY,2020-05-13,107.163,107.251,106.762,107.138,0
USDJPY,2020-05-14,106.914,107.164,106.785,106.933,0
USDJPY,2020-05-15,107.361,107.432,106.876,107.365,0
USDJPY,2020-05-18,107.229,107.495,107.067,107.208,0
USDJPY,2020-05-19,107.377,108.074,107.305,107.381,0
USDJPY,2020-05-20,107.819,107.975,107.346,107.81,0
USDJPY,2020-05-21,107.599,107.847,107.575,107.591,0
USDJPY,2020-05-22,107.634,107.76,107.334,107.631,0
USDJPY,2020-05-25,107.74,107.772,107.63,107.735,0
USDJPY,2020-05-26,107.69,107.916,107.403,107.687,0
USDJPY,2020-05-27,107.489,107.932,107.372,107.491,0
USDJPY,2020-05-28,107.803,107.896,107.579,107.798,0
USDJPY,2020-05-29,107.626,107.812,107.09,107.643,0
USDJPY,2020-06-01,107.714,107.85,107.394,107.708,0
USDJPY,2020-06-02,107.546,108.658,107.517,107.548,0
USDJPY,2020-06-03,108.818,108.974,108.421,108.809,0
USDJPY,2020-06-04,108.981,109.153,108.619,108.999,0
USDJPY,2020-06-05,109.12,109.846,109.048,109.15,0
USDJPY,2020-06-08,109.59,109.6,108.413,109.634,0
USDJPY,2020-06-09,108.369,108.369,107.646,108.409,0
USDJPY,2020-06-10,107.817,107.867,107.177,107.797,0
USDJPY,2020-06-11,107.015,107.227,106.598,106.981,0
USDJPY,2020-06-12,106.822,107.551,106.601,106.803,0
USDJPY,2020-06-15,107.307,107.477,107.0,107.311,0
USDJPY,2020-06-16,107.465,107.62,107.24,107.464,0
USDJPY,2020-06-17,107.38,107.437,107.163,107.41,0
USDJPY,2020-06-18,106.863,107.123,106.666,106.894,0
USDJPY,2020-06-19,106.992,107.04,106.772,107.006,0
USDJPY,2020-06-22,106.818,106.998,106.783,106.831,0
USDJPY,2020-06-23,106.886,107.217,106.082,106.903,0
USDJPY,2020-06-24,106.413,106.976,106.384,106.432,0
USDJPY,2020-06-25,107.032,107.445,107.03,107.044,0
USDJPY,2020-06-26,107.153,107.349,106.798,107.155,0
USDJPY,2020-06-29,107.222,107.88,107.051,107.218,0
USDJPY,2020-06-30,107.601,107.922,107.53,107.59,0
USDJPY,2020-07-01,107.985,108.158,107.368,107.989,0
USDJPY,2020-07-02,107.358,107.717,107.347,107.366,0
USDJPY,2020-07-03,107.509,107.566,107.439,107.497,0
USDJPY,2020-07-06,107.579,107.77,107.434,107.579,0
USDJPY,2020-07-07,107.353,107.788,107.23,107.359,0
USDJPY,2020-07-08,107.574,107.705,107.387,107.578,0
USDJPY,2020-07-09,107.265,107.392,107.103,107.283,0
USDJPY,2020-07-10,107.233,107.262,106.665,107.236,0
USDJPY,2020-07-13,106.912,107.311,106.788,106.91,0
USDJPY,2020-07-14,107.29,107.412,107.12,107.276,0
USDJPY,2020-07-15,107.245,107.305,106.663,107.245,0
USDJPY,2020-07-16,106.884,107.197,106.838,106.917,0
USDJPY,2020-07-17,107.288,107.353,107.06,107.278,0
USDJPY,2020-07-20,107.077,107.5,107.037,107.09,0
USDJPY,2020-07-21,107.171,107.364,106.805,107.196,0
USDJPY,2020-07-22,106.814,107.202,106.718,106.832,0
USDJPY,2020-07-23,107.166,107.216,106.833,107.175,0
USDJPY,2020-07-24,106.836,106.836,105.759,106.838,0
USDJPY,2020-07-27,105.956,106.047,105.121,105.993,0
USDJPY,2020-07-28,105.291,105.679,104.958,105.261,0
USDJPY,2020-07-29,105.11,105.228,104.8,105.107,0
USDJPY,2020-07-30,105.016,105.288,104.912,105.032,0
USDJPY,2020-07-31,104.667,105.796,104.199,104.683,0
USDJPY,2020-08-03,105.845,106.429,105.579,105.866,0
USDJPY,2020-08-04,106.047,106.192,105.727,106.03,0
USDJPY,2020-08-05,105.597,105.864,105.328,105.614,0
USDJPY,2020-08-06,105.55,105.691,105.302,105.553,0
USDJPY,2020-08-07,105.561,106.042,105.48,105.581,0
USDJPY,2020-08-10,105.852,106.194,105.71,105.85,0
USDJPY,2020-08-11,105.998,106.571,105.944,105.992,0
USDJPY,2020-08-12,106.458,106.998,106.458,106.521,0
USDJPY,2020-08-13,106.812,106.991,106.57,106.822,0
USDJPY,2020-08-14,106.965,107.027,106.446,106.986,0
USDJPY,2020-08-17,106.569,106.638,105.953,106.554,0
USDJPY,2020-08-18,105.986,105.986,105.294,105.995,0
USDJPY,2020-08-19,105.222,105.759,105.114,105.224,0
USDJPY,2020-08-20,106.09,106.198,105.772,106.079,0
USDJPY,2020-08-21,105.669,106.069,105.453,105.665,0
USDJPY,2020-08-24,105.903,105.939,105.69,105.877,0
USDJPY,2020-08-25,105.992,106.564,105.881,105.993,0
USDJPY,2020-08-26,106.422,106.551,106.063,106.405,0
USDJPY,2020-08-27,105.871,106.552,105.623,105.856,0
USDJPY,2020-08-28,106.659,106.938,105.203,106.637,0
USDJPY,2020-08-31,105.524,106.081,105.307,105.535,0
USDJPY,2020-09-01,105.99,106.136,105.599,106.004,0
USDJPY,2020-09-02,105.864,106.297,105.864,105.896,0
USDJPY,2020-09-03,106.201,106.536,106.043,106.208,0
USDJPY,2020-09-04,106.091,106.495,106.091,106.086,0
USDJPY,2020-09-07,106.292,106.371,106.135,106.311,0
USDJPY,2020-09-08,106.294,106.378,105.9,106.305,0
USDJPY,2020-09-09,105.96,106.256,105.813,105.968,0
USDJPY,2020-09-10,106.238,106.283,105.988,106.231,0
USDJPY,2020-09-11,106.145,106.244,106.08,106.143,0
USDJPY,2020-09-14,106.127,106.163,105.552,106.145,0
USDJPY,2020-09-15,105.744,105.815,105.3,105.715,0
USDJPY,2020-09-16,105.381,105.396,104.808,105.381,0
USDJPY,2020-09-17,105.049,105.164,104.524,105.062,0
USDJPY,2020-09-18,104.689,104.859,104.273,104.698,0
USDJPY,2020-09-21,104.534,104.762,104.008,104.537,0
USDJPY,2020-09-22,104.719,105.066,104.411,104.69,0
USDJPY,2020-09-23,105.069,105.373,104.91,105.034,0
USDJPY,2020-09-24,105.325,105.52,105.215,105.304,0
USDJPY,2020-09-25,105.436,105.698,105.247,105.435,0
USDJPY,2020-09-28,105.584,105.659,105.264,105.574,0
USDJPY,2020-09-29,105.439,105.722,105.348,105.433,0
USDJPY,2020-09-30,105.664,105.796,105.409,105.664,0
USDJPY,2020-10-01,105.449,105.722,105.418,105.451,0
USDJPY,2020-10-02,105.564,105.665,104.962,105.543,0
USDJPY,2020-10-05,105.535,105.753,105.41,105.51,0
USDJPY,2020-10-06,105.725,105.738,105.51,105.707,0
USDJPY,2020-10-07,105.638,106.105,105.627,105.64,0
USDJPY,2020-10-08,105.973,106.083,105.923,105.965,0
USDJPY,2020-10-09,106.021,106.021,105.608,106.018,0
USDJPY,2020-10-12,105.638,105.651,105.244,105.632,0
USDJPY,2020-10-13,105.348,105.626,105.288,105.339,0
USDJPY,2020-10-14,105.474,105.511,105.038,105.47,0
USDJPY,2020-10-15,105.139,105.388,105.112,105.139,0
USDJPY,2020-10-16,105.355,105.437,105.19,105.36,0
USDJPY,2020-10-19,105.438,105.497,105.305,105.427,0
USDJPY,2020-10-20,105.47,105.745,105.47,105.47,0
USDJPY,2020-10-21,105.475,105.475,104.35,105.477,0
USDJPY,2020-10-22,104.651,104.88,104.46,104.676,0
USDJPY,2020-10-23,104.907,104.907,104.55,104.921,0
USDJPY,2020-10-26,104.707,105.039,104.649,104.683,0
USDJPY,2020-10-27,104.806,104.83,104.393,104.832,0
USDJPY,2020-10-28,104.541,104.542,104.115,104.545,0
USDJPY,2020-10-29,104.319,104.702,104.03,104.315,0
USDJPY,2020-10-30,104.558,104.721,104.139,104.554,0
USDJPY,2020-11-02,104.612,104.943,104.612,104.58,0
USDJPY,2020-11-03,104.724,104.801,104.437,104.725,0
USDJPY,2020-11-04,104.506,105.341,104.161,104.546,0
USDJPY,2020-11-05,104.436,104.45,103.574,104.438,0
USDJPY,2020-11-06,103.596,103.758,103.184,103.603,0
USDJPY,2020-11-09,103.24,105.636,103.24,103.253,0
USDJPY,2020-11-10,105.162,105.478,104.822,105.137,0
USDJPY,2020-11-11,105.263,105.66,105.012,105.26,0
USDJPY,2020-11-12,105.424,105.471,105.103,105.415,0
USDJPY,2020-11-13,105.085,105.145,104.611,105.09,0
USDJPY,2020-11-16,104.666,105.095,104.365,104.676,0
USDJPY,2020-11-17,104.495,104.564,104.074,104.541,0
USDJPY,2020-11-18,104.153,104.153,103.664,104.181,0
USDJPY,2020-11-19,103.904,104.204,103.719,103.894,0
USDJPY,2020-11-20,103.793,103.905,103.706,103.825,0
USDJPY,2020-11-23,103.824,104.624,103.687,103.817,0
USDJPY,2020-11-24,104.557,104.745,104.149,104.525,0
USDJPY,2020-11-25,104.506,104.585,104.268,104.513,0
USDJPY,2020-11-26,104.379,104.392,104.226,104.4,0
USDJPY,2020-11-27,104.264,104.267,103.907,104.242,0
USDJPY,2020-11-30,104.101,104.384,103.83,104.082,0
USDJPY,2020-12-01,104.301,104.573,104.186,104.299,0
USDJPY,2020-12-02,104.289,104.747,104.225,104.309,0
USDJPY,2020-12-03,104.456,104.533,103.675,104.458,0
USDJPY,2020-12-04,103.824,104.242,103.738,103.823,0
USDJPY,2020-12-07,104.201,104.31,103.924,104.198,0
USDJPY,2020-12-08,104.008,104.192,103.96,103.998,0
USDJPY,2020-12-09,104.133,104.301,104.053,104.135,0
USDJPY,2020-12-10,104.287,104.574,104.232,104.272,0
USDJPY,2020-12-11,104.168,104.168,103.826,104.182,0
USDJPY,2020-12-14,103.962,104.083,103.514,103.939,0
USDJPY,2020-12-15,104.012,104.147,103.681,104.01,0
USDJPY,2020-12-16,103.651,103.71,103.262,103.634,0
USDJPY,2020-12-17,103.464,103.549,102.894,103.475,0
USDJPY,2020-12-18,103.149,103.59,103.129,103.131,0
USDJPY,2020-12-21,103.473,103.885,103.257,103.457,0
USDJPY,2020-12-22,103.337,103.722,103.279,103.34,0
USDJPY,2020-12-23,103.527,103.635,103.363,103.534,0
USDJPY,2020-12-24,103.525,103.756,103.5,103.552,0
USDJPY,2020-12-25,103.621,103.655,103.214,103.653,0
USDJPY,2020-12-28,103.526,103.894,103.4,103.533,0
USDJPY,2020-12-29,103.691,103.791,103.466,103.689,0
USDJPY,2020-12-30,103.552,103.57,102.963,103.559,0
USDJPY,2020-12-31,103.134,103.279,103.003,103.121,0
USDJPY,2021-01-01,103.226,103.25,103.226,103.226,0
USDJPY,2021-01-04,103.244,103.244,102.71,103.239,0
USDJPY,2021-01-05,103.142,103.18,102.672,103.125,0
USDJPY,2021-01-06,102.7,103.431,102.59,102.678,0
USDJPY,2021-01-07,103.028,103.951,102.956,103.024,0
USDJPY,2021-01-08,103.795,104.078,103.617,103.79,0
USDJPY,2021-01-11,104.073,104.389,104.037,104.091,0
USDJPY,2021-01-12,104.132,104.319,104.09,104.128,0
USDJPY,2021-01-13,103.748,103.988,103.54,103.752,0
USDJPY,2021-01-14,103.845,104.188,103.642,103.837,0
USDJPY,2021-01-15,103.837,103.885,103.62,103.828,0
USDJPY,2021-01-18,103.912,103.923,103.639,103.908,0
USDJPY,2021-01-19,103.696,104.082,103.65,103.703,0
USDJPY,2021-01-20,103.898,103.918,103.463,103.897,0
USDJPY,2021-01-21,103.557,103.659,103.326,103.555,0
USDJPY,2021-01-22,103.512,103.882,103.495,103.506,0
USDJPY,2021-01-25,103.787,103.931,103.677,103.777,0
USDJPY,2021-01-26,103.762,103.827,103.555,103.76,0
USDJPY,2021-01-27,103.603,104.168,103.593,103.603,0
USDJPY,2021-01-28,104.136,104.452,104.136,104.143,0
USDJPY,2021-01-29,104.312,104.935,104.289,104.291,0
USDJPY,2021-02-01,104.719,104.99,104.624,104.686,0
USDJPY,2021-02-02,104.878,105.162,104.823,104.881,0
USDJPY,2021-02-03,105.022,105.097,104.924,105.028,0
USDJPY,2021-02-04,104.995,105.491,104.973,104.995,0
USDJPY,2021-02-05,105.568,105.763,105.331,105.572,0
USDJPY,2021-02-08,105.397,105.666,105.158,105.4,0
USDJPY,2021-02-09,105.227,105.227,104.512,105.21,0
USDJPY,2021-02-10,104.582,104.837,104.418,104.575,0
USDJPY,2021-02-11,104.619,104.78,104.552,104.615,0
USDJPY,2021-02-12,104.755,105.17,104.72,104.741,0
USDJPY,2021-02-15,105.061,105.405,104.983,105.059,0
USDJPY,2021-02-16,105.385,105.868,105.199,105.387,0
USDJPY,2021-02-17,106.129,106.205,105.82,106.103,0
USDJPY,2021-02-18,105.856,105.918,105.599,105.861,0
USDJPY,2021-02-19,105.668,105.727,105.25,105.652,0
USDJPY,2021-02-22,105.543,105.836,105.0,105.514,0
USDJPY,2021-02-23,105.012,105.411,104.9,104.984,0
USDJPY,2021-02-24,105.287,106.094,105.268,105.283,0
USDJPY,2021-02-25,105.946,106.286,105.855,105.944,0
USDJPY,2021-02-26,106.39,106.682,105.857,106.379,0
USDJPY,2021-03-01,106.474,106.773,106.376,106.503,0
USDJPY,2021-03-02,106.846,106.95,106.688,106.851,0
USDJPY,2021-03-03,106.754,107.139,106.701,106.758,0
USDJPY,2021-03-04,107.059,107.635,106.97,107.058,0
USDJPY,2021-03-05,107.961,108.609,107.826,107.955,0
USDJPY,2021-03-08,108.396,108.94,108.314,108.419,0
USDJPY,2021-03-09,108.926,109.229,108.56,108.939,0
USDJPY,2021-03-10,108.564,108.92,108.339,108.577,0
USDJPY,2021-03-11,108.436,108.802,108.363,108.432,0
USDJPY,2021-03-12,108.574,109.148,108.519,108.555,0
USDJPY,2021-03-15,109.114,109.356,108.931,109.117,0
USDJPY,2021-03-16,109.119,109.276,108.783,109.134,0
USDJPY,2021-03-17,109.023,109.276,109.014,109.029,0
USDJPY,2021-03-18,108.91,109.284,108.693,108.891,0
USDJPY,2021-03-19,108.932,109.101,108.612,108.931,0
USDJPY,2021-03-22,108.878,108.948,108.621,108.871,0
USDJPY,2021-03-23,108.777,108.869,108.415,108.776,0
USDJPY,2021-03-24,108.523,108.941,108.455,108.52,0
USDJPY,2021-03-25,108.784,109.189,108.784,108.79,0
USDJPY,2021-03-26,109.182,109.834,109.139,109.179,0
USDJPY,2021-03-29,109.778,109.779,109.384,109.791,0
USDJPY,2021-03-30,109.83,110.419,109.788,109.836,0
USDJPY,2021-03-31,110.293,110.953,110.278,110.305,0
USDJPY,2021-04-01,110.738,110.845,110.563,110.75,0
USDJPY,2021-04-02,110.62,110.744,110.382,110.613,0
USDJPY,2021-04-05,110.67,110.712,109.957,110.677,0
USDJPY,2021-04-06,110.194,110.548,109.689,110.193,0
USDJPY,2021-04-07,109.783,109.935,109.592,109.793,0
USDJPY,2021-04-08,109.878,109.894,109.001,109.852,0
USDJPY,2021-04-09,109.325,109.952,109.222,109.33,0
USDJPY,2021-04-12,109.719,109.761,109.247,109.694,0
USDJPY,2021-04-13,109.38,109.747,109.043,109.374,0
USDJPY,2021-04-14,108.917,109.08,108.765,108.924,0
USDJPY,2021-04-15,108.886,108.951,108.625,108.894,0
USDJPY,2021-04-16,108.655,108.961,108.625,108.689,0
USDJPY,2021-04-19,108.694,108.755,108.007,108.719,0
USDJPY,2021-04-20,108.105,108.522,107.98,108.098,0
USDJPY,2021-04-21,108.132,108.27,107.892,108.133,0
USDJPY,2021-04-22,108.027,108.186,107.824,108.039,0
USDJPY,2021-04-23,107.936,108.123,107.47,107.978,0
USDJPY,2021-04-26,107.881,108.187,107.652,107.874,0
USDJPY,2021-04-27,108.188,108.57,108.101,108.202,0
USDJPY,2021-04-28,108.738,109.07,108.713,108.75,0
USDJPY,2021-04-29,108.505,109.219,108.438,108.505,0
USDJPY,2021-04-30,108.915,109.333,108.713,108.904,0
USDJPY,2021-05-03,109.299,109.693,108.906,109.283,0
USDJPY,2021-05-04,109.086,109.481,109.047,109.087,0
USDJPY,2021-05-05,109.326,109.463,109.152,109.329,0
USDJPY,2021-05-06,109.189,109.419,109.046,109.219,0
USDJPY,2021-05-07,109.014,109.278,108.347,109.05,0
USDJPY,2021-05-10,108.6,109.045,108.588,108.572,0
USDJPY,2021-05-11,108.835,108.966,108.379,108.844,0
USDJPY,2021-05-12,108.719,109.536,108.664,108.715,0
USDJPY,2021-05-13,109.723,109.777,109.476,109.664,0
USDJPY,2021-05-14,109.519,109.644,109.23,109.516,0
USDJPY,2021-05-17,109.412,109.496,109.07,109.412,0
USDJPY,2021-05-18,109.276,109.276,108.844,109.242,0
USDJPY,2021-05-19,108.857,109.323,108.584,108.868,0
USDJPY,2021-05-20,109.261,109.283,108.753,109.273,0
USDJPY,2021-05-21,108.831,108.974,108.609,108.86,0
USDJPY,2021-05-24,108.915,108.983,108.698,108.919,0
USDJPY,2021-05-25,108.824,109.056,108.579,108.851,0
USDJPY,2021-05-26,108.791,109.137,108.724,108.802,0
USDJPY,2021-05-27,109.189,109.842,109.041,109.17,0
USDJPY,2021-05-28,109.842,110.196,109.794,109.809,0
USDJPY,2021-05-31,109.919,109.928,109.366,109.907,0
USDJPY,2021-06-01,109.478,109.693,109.333,109.493,0
USDJPY,2021-06-02,109.483,109.883,109.483,109.493,0
USDJPY,2021-06-03,109.593,110.31,109.583,109.595,0
USDJPY,2021-06-04,110.286,110.323,109.371,110.266,0
USDJPY,2021-06-07,109.632,109.632,109.185,109.617,0
USDJPY,2021-06-08,109.288,109.553,109.205,109.274,0
USDJPY,2021-06-09,109.488,109.637,109.234,109.469,0
USDJPY,2021-06-10,109.652,109.783,109.43,109.61,0
USDJPY,2021-06-11,109.393,109.836,109.324,109.409,0
USDJPY,2021-06-14,109.744,109.997,109.611,109.709,0
USDJPY,2021-06-15,110.025,110.162,109.99,110.041,0
USDJPY,2021-06-16,110.075,110.136,109.812,110.084,0
USDJPY,2021-06-17,110.78,110.817,110.211,110.77,0
USDJPY,2021-06-18,110.308,110.475,109.947,110.325,0
USDJPY,2021-06-21,110.192,110.328,109.736,110.201,0
USDJPY,2021-06-22,110.385,110.788,110.221,110.374,0
USDJPY,2021-06-23,110.685,111.091,110.685,110.654,0
USDJPY,2021-06-24,110.986,111.095,110.71,111.012,0
USDJPY,2021-06-25,110.917,110.975,110.482,110.921,0
USDJPY,2021-06-28,110.804,110.971,110.507,110.822,0
USDJPY,2021-06-29,110.604,110.746,110.442,110.603,0
USDJPY,2021-06-30,110.524,111.065,110.429,110.535,0
USDJPY,2021-07-01,111.129,111.622,111.026,111.124,0
USDJPY,2021-07-02,111.584,111.656,111.155,111.572,0
USDJPY,2021-07-05,111.14,111.184,110.798,111.135,0
USDJPY,2021-07-06,110.907,110.912,110.526,110.916,0
USDJPY,2021-07-07,110.57,110.807,110.402,110.602,0
USDJPY,2021-07-08,110.622,110.622,109.535,110.635,0
USDJPY,2021-07-09,109.788,110.246,109.767,109.801,0
USDJPY,2021-07-12,110.208,110.389,109.982,110.215,0
USDJPY,2021-07-13,110.328,110.55,110.202,110.325,0
USDJPY,2021-07-14,110.596,110.694,109.985,110.595,0
USDJPY,2021-07-15,109.994,110.082,109.716,109.984,0
USDJPY,2021-07-16,109.757,110.336,109.733,109.778,0
USDJPY,2021-07-19,109.904,110.025,109.086,109.874,0
USDJPY,2021-07-20,109.527,109.954,109.334,109.534,0
USDJPY,2021-07-21,109.926,110.383,109.807,109.92,0
USDJPY,2021-07-22,110.239,110.348,110.024,110.255,0
USDJPY,2021-07-23,110.129,110.583,110.115,110.14,0
USDJPY,2021-07-26,110.543,110.58,110.126,110.544,0
USDJPY,2021-07-27,110.307,110.319,109.625,110.302,0
USDJPY,2021-07-28,109.784,110.216,109.747,109.806,0
USDJPY,2021-07-29,109.879,109.889,109.471,109.891,0
USDJPY,2021-07-30,109.391,109.793,109.367,109.409,0
USDJPY,2021-08-02,109.694,109.744,109.196,109.706,0
USDJPY,2021-08-03,109.272,109.331,108.878,109.269,0
USDJPY,2021-08-04,108.986,109.646,108.729,108.991,0
USDJPY,2021-08-05,109.535,109.778,109.408,109.529,0
USDJPY,2021-08-06,109.751,110.345,109.702,109.752,0
USDJPY,2021-08-09,110.261,110.311,110.028,110.259,0
USDJPY,2021-08-10,110.318,110.586,110.303,110.306,0
USDJPY,2021-08-11,110.599,110.803,110.387,110.598,0
USDJPY,2021-08-12,110.365,110.526,110.316,110.374,0
USDJPY,2021-08-13,110.412,110.455,109.735,110.403,0
USDJPY,2021-08-16,109.594,109.594,109.113,109.624,0
USDJPY,2021-08-17,109.302,109.648,109.138,109.297,0
USDJPY,2021-08-18,109.541,109.944,109.483,109.537,0
USDJPY,2021-08-19,109.852,110.21,109.493,109.842,0
USDJPY,2021-08-20,109.782,109.885,109.578,109.768,0
USDJPY,2021-08-23,109.864,110.14,109.73,109.84,0
USDJPY,2021-08-24,109.672,109.877,109.422,109.678,0
USDJPY,2021-08-25,109.742,110.1,109.685,109.73,0
USDJPY,2021-08-26,109.997,110.222,109.926,109.976,0
USDJPY,2021-08-27,110.038,110.257,109.836,110.048,0
USDJPY,2021-08-30,109.841,109.956,109.706,109.865,0
USDJPY,2021-08-31,109.939,110.067,109.603,109.944,0
USDJPY,2021-09-01,110.062,110.41,109.883,110.056,0
USDJPY,2021-09-02,110.106,110.106,109.928,110.096,0
USDJPY,2021-09-03,109.945,110.066,109.604,109.945,0
USDJPY,2021-09-06,109.778,109.931,109.749,109.764,0
USDJPY,2021-09-07,109.819,110.251,109.687,109.82,0
USDJPY,2021-09-08,110.289,110.44,110.14,110.296,0
USDJPY,2021-09-09,110.22,110.268,109.753,110.218,0
USDJPY,2021-09-10,109.774,109.984,109.701,109.781,0
USDJPY,2021-09-13,109.909,110.156,109.899,109.915,0
USDJPY,2021-09-14,109.991,110.144,109.619,109.994,0
USDJPY,2021-09-15,109.712,109.717,109.114,109.719,0
USDJPY,2021-09-16,109.391,109.824,109.215,109.383,0
USDJPY,2021-09-17,109.686,110.072,109.668,109.699,0
USDJPY,2021-09-20,109.98,110.033,109.43,109.971,0
USDJPY,2021-09-21,109.434,109.695,109.19,109.437,0
USDJPY,2021-09-22,109.154,109.64,109.13,109.149,0
USDJPY,2021-09-23,109.809,110.195,109.792,109.822,0
USDJPY,2021-09-24,110.323,110.739,110.311,110.326,0
USDJPY,2021-09-27,110.75,111.055,110.534,110.764,0
USDJPY,2021-09-28,110.962,111.629,110.937,110.964,0
USDJPY,2021-09-29,111.513,111.917,111.219,111.528,0
USDJPY,2021-09-30,111.922,112.068,111.414,111.936,0
USDJPY,2021-10-01,111.464,111.48,110.912,111.461,0
USDJPY,2021-10-04,110.963,111.298,110.842,110.947,0
USDJPY,2021-10-05,110.969,111.553,110.876,110.968,0
USDJPY,2021-10-06,111.52,111.773,111.205,111.487,0
USDJPY,2021-10-07,111.407,111.546,111.243,111.413,0
USDJPY,2021-10-08,111.673,112.177,111.522,111.662,0
USDJPY,2021-10-11,112.272,113.384,112.183,112.27,0
USDJPY,2021-10-12,113.411,113.777,113.017,113.388,0
USDJPY,2021-10-13,113.536,113.788,113.248,113.519,0
USDJPY,2021-10-14,113.296,113.707,113.278,113.301,0
USDJPY,2021-10-15,113.836,114.447,113.816,113.834,0
USDJPY,2021-10-18,114.309,114.436,114.02,114.324,0
USDJPY,2021-10-19,114.291,114.346,113.883,114.285,0
USDJPY,2021-10-20,114.527,114.685,114.141,114.543,0
USDJPY,2021-10-21,114.383,114.39,113.672,114.389,0
USDJPY,2021-10-22,113.848,114.185,113.515,113.85,0
USDJPY,2021-10-25,113.638,113.896,113.49,113.664,0
USDJPY,2021-10-26,113.756,114.298,113.725,113.765,0
USDJPY,2021-10-27,114.178,114.215,113.417,114.188,0
USDJPY,2021-10-28,113.771,113.856,113.255,113.776,0
USDJPY,2021-10-29,113.644,114.086,113.395,113.616,0
USDJPY,2021-11-01,114.218,114.434,114.03,114.236,0
USDJPY,2021-11-02,114.084,114.134,113.466,114.094,0
USDJPY,2021-11-03,113.967,114.142,113.722,113.962,0
USDJPY,2021-11-04,114.066,114.273,113.527,114.07,0
USDJPY,2021-11-05,113.825,114.0,113.428,113.837,0
USDJPY,2021-11-08,113.463,113.662,113.082,113.475,0
USDJPY,2021-11-09,113.243,113.253,112.731,113.254,0
USDJPY,2021-11-10,112.913,113.936,112.774,112.912,0
USDJPY,2021-11-11,113.929,114.127,113.814,113.905,0
USDJPY,2021-11-12,114.048,114.298,113.771,114.043,0
USDJPY,2021-11-15,113.991,114.041,113.76,113.981,0
USDJPY,2021-11-16,114.131,114.631,114.11,114.132,0
USDJPY,2021-11-17,114.916,114.942,114.33,114.904,0
USDJPY,2021-11-18,114.21,114.475,113.884,114.19,0
USDJPY,2021-11-19,114.32,114.521,113.604,114.282,0
USDJPY,2021-11-22,114.139,114.807,114.019,114.138,0
USDJPY,2021-11-23,114.802,115.146,114.55,114.79,0
USDJPY,2021-11-24,115.157,115.476,114.829,115.141,0
USDJPY,2021-11-25,115.414,115.436,115.236,115.408,0
USDJPY,2021-11-26,115.102,115.102,113.056,115.069,0
USDJPY,2021-11-29,113.705,113.934,113.035,113.719,0
USDJPY,2021-11-30,113.807,113.885,112.543,113.804,0
USDJPY,2021-12-01,113.263,113.613,112.774,113.299,0
USDJPY,2021-12-02,112.863,113.309,112.714,112.882,0
USDJPY,2021-12-03,113.026,113.606,112.86,113.022,0
USDJPY,2021-12-06,113.011,113.482,112.856,113.042,0
USDJPY,2021-12-07,113.486,113.773,113.41,113.458,0
USDJPY,2021-12-08,113.516,113.93,113.324,113.525,0
USDJPY,2021-12-09,113.714,113.806,113.284,113.684,0
USDJPY,2021-12-10,113.438,113.786,113.237,113.448,0
USDJPY,2021-12-13,113.51,113.721,113.386,113.501,0
USDJPY,2021-12-14,113.574,113.749,113.439,113.577,0
USDJPY,2021-12-15,113.739,113.897,113.631,113.743,0
USDJPY,2021-12-16,114.156,114.245,113.564,114.136,0
USDJPY,2021-12-17,113.68,113.845,113.151,113.663,0
USDJPY,2021-12-20,113.551,113.685,113.331,113.518,0
USDJPY,2021-12-21,113.659,114.163,113.567,113.662,0
USDJPY,2021-12-22,114.015,114.362,114.001,113.994,0
USDJPY,2021-12-23,114.124,114.441,114.107,114.121,0
USDJPY,2021-12-24,114.457,114.505,114.299,114.458,0
USDJPY,2021-12-27,114.338,114.901,114.319,114.333,0
USDJPY,2021-12-28,114.788,114.934,114.709,114.792,0
USDJPY,2021-12-29,114.767,115.032,114.673,114.773,0
USDJPY,2021-12-30,114.957,115.2,114.947,114.948,0
USDJPY,2021-12-31,115.059,115.192,115.005,115.063,0
USDJPY,2022-01-03,115.136,115.36,114.974,115.142,0
USDJPY,2022-01-04,115.316,116.34,115.299,115.328,0
USDJPY,2022-01-05,116.165,116.235,115.627,116.174,0
USDJPY,2022-01-06,116.129,116.179,115.654,116.128,0
USDJPY,2022-01-07,115.87,116.03,115.591,115.865,0
USDJPY,2022-01-10,115.622,115.842,115.045,115.618,0
USDJPY,2022-01-11,115.283,115.676,115.137,115.278,0
USDJPY,2022-01-12,115.331,115.459,114.715,115.331,0
USDJPY,2022-01-13,114.67,114.692,114.006,114.675,0
USDJPY,2022-01-14,114.101,114.171,113.505,114.118,0
USDJPY,2022-01-17,114.306,114.636,114.284,114.306,0
USDJPY,2022-01-18,114.571,115.031,114.45,114.571,0
USDJPY,2022-01-19,114.556,114.768,114.221,114.554,0
USDJPY,2022-01-20,114.347,114.531,113.978,114.347,0
USDJPY,2022-01-21,113.946,114.018,113.619,113.993,0
USDJPY,2022-01-24,113.786,113.99,113.489,113.785,0
USDJPY,2022-01-25,114.015,114.144,113.675,114.011,0
USDJPY,2022-01-26,113.891,114.377,113.788,113.875,0
USDJPY,2022-01-27,114.717,115.481,114.486,114.721,0
USDJPY,2022-01-28,115.368,115.67,115.137,115.352,0
USDJPY,2022-01-31,115.239,115.577,115.176,115.262,0
USDJPY,2022-02-01,115.144,115.192,114.568,115.121,0
USDJPY,2022-02-02,114.725,114.796,114.193,114.736,0
USDJPY,2022-02-03,114.368,114.969,114.326,114.382,0
USDJPY,2022-02-04,114.969,115.426,114.781,114.957,0
USDJPY,2022-02-07,115.246,115.373,114.919,115.224,0
USDJPY,2022-02-08,115.066,115.618,115.066,115.063,0
USDJPY,2022-02-09,115.542,115.583,115.319,115.531,0
USDJPY,2022-02-10,115.6,116.324,115.485,115.602,0
USDJPY,2022-02-11,116.049,116.166,115.776,116.047,0
USDJPY,2022-02-14,115.559,115.724,115.02,115.584,0
USDJPY,2022-02-15,115.542,115.869,115.256,115.536,0
USDJPY,2022-02-16,115.64,115.774,115.391,115.635,0
USDJPY,2022-02-17,115.394,115.528,114.861,115.387,0
USDJPY,2022-02-18,114.856,115.264,114.787,114.866,0
USDJPY,2022-02-21,114.956,115.106,114.799,114.961,0
USDJPY,2022-02-22,114.583,115.232,114.526,114.609,0
USDJPY,2022-02-23,115.102,115.185,114.967,115.096,0
USDJPY,2022-02-24,114.916,115.626,114.414,114.898,0
USDJPY,2022-02-25,115.547,115.631,115.152,115.571,0
USDJPY,2022-02-28,115.588,115.647,115.093,115.585,0
USDJPY,2022-03-01,115.082,115.265,114.719,115.078,0
USDJPY,2022-03-02,114.815,115.68,114.795,114.833,0
USDJPY,2022-03-03,115.497,115.8,115.495,115.519,0
USDJPY,2022-03-04,115.48,115.533,114.651,115.474,0
USDJPY,2022-03-07,114.937,115.471,114.842,114.95,0
USDJPY,2022-03-08,115.369,115.776,115.332,115.373,0
USDJPY,2022-03-09,115.742,115.941,115.579,115.722,0
USDJPY,2022-03-10,115.911,116.19,115.82,115.909,0
USDJPY,2022-03-11,116.159,117.164,116.15,116.179,0
USDJPY,2022-03-14,117.504,118.059,117.467,117.529,0
USDJPY,2022-03-15,118.218,118.434,117.745,118.218,0
USDJPY,2022-03-16,118.312,118.501,118.172,118.292,0
USDJPY,2022-03-17,118.891,118.998,118.422,118.87,0
USDJPY,2022-03-18,118.485,119.389,118.485,118.486,0
USDJPY,2022-03-21,119.261,119.293,119.1,119.263,0
USDJPY,2022-03-22,119.594,120.976,119.594,119.594,0
USDJPY,2022-03-23,121.265,121.299,120.628,121.34,0
USDJPY,2022-03-24,121.138,122.103,120.98,121.127,0
USDJPY,2022-03-25,122.35,122.35,121.217,122.346,0
USDJPY,2022-03-28,122.27,125.055,122.159,122.27,0
USDJPY,2022-03-29,123.66,124.209,122.058,123.66,0
USDJPY,2022-03-30,123.125,123.023,121.316,123.125,0
USDJPY,2022-03-31,122.021,122.416,121.291,122.021,0
USDJPY,2022-04-01,121.756,122.997,121.743,121.756,0
USDJPY,2022-04-04,122.61,122.928,122.288,122.61,0
USDJPY,2022-04-05,122.809,123.499,122.42,122.809,0
USDJPY,2022-04-06,123.656,124.044,123.588,123.656,0
USDJPY,2022-04-07,123.723,123.995,123.508,123.723,0
USDJPY,2022-04-08,124.096,124.65,123.683,124.096,0
USDJPY,2022-04-11,124.385,125.761,124.302,124.385,0
USDJPY,2022-04-12,125.472,125.743,124.873,125.472,0
USDJPY,2022-04-13,125.416,126.297,125.371,125.416,0
USDJPY,2022-04-14,125.377,125.988,125.131,125.377,0
USDJPY,2022-04-15,126.179,126.671,126.069,126.179,0
USDJPY,2022-04-18,126.618,126.79,126.263,126.618,0
USDJPY,2022-04-19,127.098,128.861,127.039,127.098,0
USDJPY,2022-04-20,129.333,129.374,127.511,129.333,0
USDJPY,2022-04-21,128.013,128.696,127.827,128.013,0
USDJPY,2022-04-22,128.408,129.059,127.807,128.408,0
USDJPY,2022-04-25,128.605,128.822,127.525,128.605,0
USDJPY,2022-04-26,127.744,128.188,127.044,127.744,0
USDJPY,2022-04-27,127.266,128.578,127.259,127.266,0
USDJPY,2022-04-28,128.394,131.221,128.368,128.394,0
USDJPY,2022-04-29,130.811,130.81,129.46,130.811,0
USDJPY,2022-05-02,130.011,130.471,129.616,130.011,0
USDJPY,2022-05-03,130.112,130.28,129.719,130.112,0
USDJPY,2022-05-04,130.116,130.198,129.803,130.116,0
USDJPY,2022-05-05,129.223,130.432,128.775,129.223,0
USDJPY,2022-05-06,130.33,130.805,130.221,130.33,0
USDJPY,2022-05-09,130.749,131.325,130.15,130.749,0
USDJPY,2022-05-10,130.377,130.528,129.815,130.377,0
USDJPY,2022-05-11,130.351,130.783,129.612,130.351,0
USDJPY,2022-05-12,129.835,129.898,127.585,129.835,0
USDJPY,2022-05-13,128.588,129.437,128.366,128.588,0
USDJPY,2022-05-16,129.432,129.604,128.706,129.432,0
USDJPY,2022-05-17,128.923,129.75,128.84,128.923,0
USDJPY,2022-05-18,129.454,129.433,128.12,129.454,0
USDJPY,2022-05-19,127.914,128.938,127.029,127.914,0
USDJPY,2022-05-20,127.832,128.284,127.537,127.832,0
USDJPY,2022-05-23,127.903,127.933,127.167,127.903,0
USDJPY,2022-05-24,127.846,128.05,126.392,127.846,0
USDJPY,2022-05-25,126.769,127.415,126.675,126.769,0
USDJPY,2022-05-26,127.152,127.56,126.569,127.152,0
USDJPY,2022-05-27,127.045,127.211,126.677,127.045,0
USDJPY,2022-05-30,127.285,127.806,126.87,127.285,0
USDJPY,2022-05-31,127.784,128.878,127.653,127.784,0
USDJPY,2022-06-01,128.736,130.116,128.8,128.736,0
USDJPY,2022-06-02,130.122,130.181,129.527,130.122,0
USDJPY,2022-06-03,129.918,130.971,129.695,129.918,0
USDJPY,2022-06-06,130.707,131.676,130.473,130.707,0
USDJPY,2022-06-07,132.176,132.988,132.097,132.176,0
USDJPY,2022-06-08,132.847,134.436,132.733,132.847,0
USDJPY,2022-06-09,134.43,134.554,133.191,134.43,0
USDJPY,2022-06-10,134.418,134.381,133.387,134.418,0
USDJPY,2022-06-13,134.814,135.158,133.609,134.814,0
USDJPY,2022-06-14,134.225,134.968,133.9,134.225,0
USDJPY,2022-06-15,135.294,135.285,134.297,135.294,0
USDJPY,2022-06-16,134.115,134.672,131.547,134.115,0
USDJPY,2022-06-17,132.421,135.412,132.187,132.421,0
USDJPY,2022-06-20,135.276,135.412,134.549,135.276,0
USDJPY,2022-06-21,135.087,136.329,134.945,135.087,0
USDJPY,2022-06-22,136.269,136.595,135.751,136.269,0
USDJPY,2022-06-23,136.024,136.181,134.294,136.024,0
USDJPY,2022-06-24,134.84,135.272,134.37,134.84,0
USDJPY,2022-06-27,135.062,135.539,134.535,135.062,0
USDJPY,2022-06-28,135.435,136.303,135.124,135.435,0
USDJPY,2022-06-29,136.047,136.997,135.811,136.047,0
USDJPY,2022-06-30,136.589,136.799,135.687,136.589,0
USDJPY,2022-07-01,135.786,135.977,134.796,135.786,0
USDJPY,2022-07-04,135.043,135.771,134.798,135.043,0
USDJPY,2022-07-05,135.84,136.345,135.555,135.84,0
USDJPY,2022-07-06,135.521,135.962,134.975,135.521,0
USDJPY,2022-07-07,135.966,136.204,135.57,135.966,0
USDJPY,2022-07-08,135.913,136.544,135.357,135.913,0
USDJPY,2022-07-11,136.301,137.745,136.27,136.301,0
USDJPY,2022-07-12,137.388,137.502,136.496,137.388,0
USDJPY,2022-07-13,136.726,137.858,136.731,136.726,0
USDJPY,2022-07-14,137.628,139.377,137.605,137.628,0
USDJPY,2022-07-15,138.967,139.074,138.404,138.967,0
USDJPY,2022-07-18,138.314,138.437,137.896,138.314,0
USDJPY,2022-07-19,138.229,138.387,137.386,138.229,0
USDJPY,2022-07-20,138.191,138.365,137.914,138.191,0
USDJPY,2022-07-21,138.395,138.867,137.722,138.395,0
USDJPY,2022-07-22,137.098,137.939,135.596,137.098,0
USDJPY,2022-07-25,136.312,136.783,135.936,136.312,0
USDJPY,2022-07-26,136.431,136.834,136.292,136.431,0
USDJPY,2022-07-27,136.97,137.343,136.551,136.97,0
USDJPY,2022-07-28,136.111,136.411,134.355,136.111,0
USDJPY,2022-07-29,134.397,134.65,132.552,134.397,0
USDJPY,2022-08-01,133.407,133.365,131.622,133.407,0
USDJPY,2022-08-02,131.572,132.366,130.43,131.572,0
USDJPY,2022-08-03,133.379,134.53,132.341,133.379,0
USDJPY,2022-08-04,133.962,134.388,133.07,133.962,0
USDJPY,2022-08-05,132.621,135.456,132.59,132.621,0
USDJPY,2022-08-08,135.057,135.518,134.382,135.057,0
USDJPY,2022-08-09,134.84,135.17,134.686,134.84,0
USDJPY,2022-08-10,135.187,135.295,132.063,135.187,0
USDJPY,2022-08-11,132.83,133.305,131.786,132.83,0
USDJPY,2022-08-12,132.994,133.869,132.92,132.994,0
USDJPY,2022-08-15,133.288,133.536,132.584,133.288,0
USDJPY,2022-08-16,133.143,134.654,132.974,133.143,0
USDJPY,2022-08-17,134.277,135.489,133.923,134.277,0
USDJPY,2022-08-18,134.944,135.407,134.654,134.944,0
USDJPY,2022-08-19,135.795,137.2,135.834,135.795,0
USDJPY,2022-08-22,137.041,137.647,136.737,137.041,0
USDJPY,2022-08-23,137.546,137.693,135.882,137.546,0
USDJPY,2022-08-24,136.733,137.225,136.193,136.733,0
USDJPY,2022-08-25,137.081,137.18,136.326,137.081,0
USDJPY,2022-08-26,136.563,137.433,136.36,136.563,0
USDJPY,2022-08-29,137.63,138.995,138.098,137.52,0
USDJPY,2022-08-30,138.596,139.056,138.053,138.596,0
USDJPY,2022-08-31,138.734,138.876,138.276,138.734,0
USDJPY,2022-09-01,139.296,140.218,139.086,139.296,0
USDJPY,2022-09-02,140.081,140.795,139.878,140.081,0
USDJPY,2022-09-05,140.487,140.647,140.129,140.487,0
USDJPY,2022-09-06,140.43,142.968,140.252,140.43,0
USDJPY,2022-09-07,143.151,144.982,142.98,143.151,0
USDJPY,2022-09-08,144.128,144.504,143.338,144.128,0
USDJPY,2022-09-09,143.856,143.947,141.506,143.856,0
USDJPY,2022-09-12,142.596,143.486,142.257,142.596,0
USDJPY,2022-09-13,142.585,144.677,141.896,142.585,0
USDJPY,2022-09-14,144.404,144.826,142.557,144.404,0
USDJPY,2022-09-15,142.923,143.794,142.95,142.923,0
USDJPY,2022-09-16,143.365,143.672,142.871,143.365,0
USDJPY,2022-09-19,142.765,143.634,142.696,142.765,0
USDJPY,2022-09-20,143.223,143.901,142.962,143.223,0
USDJPY,2022-09-21,143.602,144.187,143.378,143.602,0
USDJPY,2022-09-22,144.316,145.883,140.397,144.316,0
USDJPY,2022-09-23,142.28,143.317,141.782,142.28,0
USDJPY,2022-09-26,143.511,144.486,143.438,143.511,0
USDJPY,2022-09-27,144.459,144.84,144.082,144.459,0
USDJPY,2022-09-28,144.691,144.818,144.148,144.691,0
USDJPY,2022-09-29,144.398,144.785,144.21,144.398,0
USDJPY,2022-09-30,144.431,144.78,144.214,144.431,0
USDJPY,2022-10-03,144.816,145.278,144.161,144.816,0
USDJPY,2022-10-04,144.519,144.921,144.319,144.519,0
USDJPY,2022-10-05,143.787,144.844,143.556,143.787,0
USDJPY,2022-10-06,144.449,145.133,144.387,144.449,0
USDJPY,2022-10-07,145.039,145.326,144.76,145.039,0
USDJPY,2022-10-10,145.482,145.818,145.236,145.482,0
USDJPY,2022-10-11,145.674,145.846,145.505,145.674,0
USDJPY,2022-10-12,145.87,146.961,145.879,145.87,0
USDJPY,2022-10-13,146.737,147.601,146.663,146.737,0
USDJPY,2022-10-14,147.293,148.492,147.11,147.293,0
USDJPY,2022-10-17,148.632,148.89,148.431,148.632,0
USDJPY,2022-10-18,148.971,149.285,148.693,148.971,0
USDJPY,2022-10-19,149.209,149.781,149.124,149.209,0
USDJPY,2022-10-20,149.821,149.989,149.567,149.821,0
USDJPY,2022-10-21,150.176,151.937,146.32,150.176,0
USDJPY,2022-10-24,147.819,149.452,147.809,147.819,0
USDJPY,2022-10-25,148.887,148.996,147.555,148.887,0
USDJPY,2022-10-26,147.98,148.403,146.409,147.98,0
USDJPY,2022-10-27,146.134,146.861,145.156,146.134,0
USDJPY,2022-10-28,146.274,147.848,146.028,146.274,0
USDJPY,2022-10-31,147.812,148.842,147.75,147.812,0
USDJPY,2022-11-01,148.737,148.807,146.991,148.737,0
USDJPY,2022-11-02,147.915,147.965,146.852,147.915,0
USDJPY,2022-11-03,147.892,148.434,147.11,147.892,0
USDJPY,2022-11-04,148.393,148.393,146.579,148.393,0
USDJPY,2022-11-07,146.841,147.553,146.114,146.841,0
USDJPY,2022-11-08,146.624,146.927,145.313,146.624,0
USDJPY,2022-11-09,145.295,146.558,145.219,145.295,0
USDJPY,2022-11-10,146.209,146.582,141.538,146.209,0
USDJPY,2022-11-11,141.734,142.466,138.888,141.734,0
USDJPY,2022-11-14,139.553,140.769,138.869,139.553,0
USDJPY,2022-11-15,140.115,140.581,137.809,140.115,0
USDJPY,2022-11-16,138.965,140.285,138.894,138.965,0
USDJPY,2022-11-17,139.322,140.714,138.906,139.322,0
USDJPY,2022-11-18,140.412,140.47,139.65,140.412,0
USDJPY,2022-11-21,140.253,142.018,140.203,140.253,0
USDJPY,2022-11-22,142.098,142.239,141.086,142.098,0
USDJPY,2022-11-23,141.155,141.574,139.587,141.155,0
USDJPY,2022-11-24,139.278,139.486,138.095,139.278,0
USDJPY,2022-11-25,138.603,139.591,138.389,138.603,0
USDJPY,2022-11-28,139.31,139.42,137.514,139.1,0
USDJPY,2022-11-29,138.719,139.321,137.886,138.719,0
USDJPY,2022-11-30,138.745,139.883,138.338,138.745,0
USDJPY,2022-12-01,137.359,137.516,135.539,137.359,0
USDJPY,2022-12-02,135.15,135.976,133.673,135.15,0
USDJPY,2022-12-05,134.475,136.581,134.134,134.475,0
USDJPY,2022-12-06,136.652,137.413,136.008,136.652,0
USDJPY,2022-12-07,136.886,137.838,136.418,136.886,0
USDJPY,2022-12-08,136.381,137.224,136.296,136.381,0
USDJPY,2022-12-09,136.614,136.866,135.612,136.614,0
USDJPY,2022-12-12,136.712,137.618,136.633,136.712,0
USDJPY,2022-12-13,137.504,137.942,134.688,137.504,0
USDJPY,2022-12-14,135.584,135.682,134.681,135.584,0
USDJPY,2022-12-15,135.348,137.921,135.283,135.348,0
USDJPY,2022-12-16,137.751,137.751,136.41,137.751,0
USDJPY,2022-12-19,136.03,137.15,135.773,136.69,0
USDJPY,2022-12-20,136.995,137.452,131.017,136.995,0
USDJPY,2022-12-21,131.892,132.476,131.522,131.892,0
USDJPY,2022-12-22,132.37,132.681,131.655,132.37,0
USDJPY,2022-12-23,132.357,133.121,132.291,132.357,0
USDJPY,2022-12-26,132.77,133.237,132.33,132.79,0
USDJPY,2022-12-27,132.764,133.587,132.648,132.764,0
USDJPY,2022-12-28,133.486,134.395,133.411,133.486,0
USDJPY,2022-12-29,134.034,134.188,132.936,134.034,0
USDJPY,2022-12-30,132.916,132.917,131.541,132.916,0
USDJPY,2023-01-02,130.845,131.035,130.621,130.845,0
USDJPY,2023-01-03,130.794,131.182,129.534,130.794,0
USDJPY,2023-01-04,131.248,132.17,129.964,131.248,0
USDJPY,2023-01-05,132.246,133.992,131.73,132.246,0
USDJPY,2023-01-06,133.307,134.741,132.187,133.307,0
USDJPY,2023-01-09,131.862,132.645,131.327,131.862,0
USDJPY,2023-01-10,131.729,132.466,131.433,131.729,0
USDJPY,2023-01-11,132.101,132.854,132.103,132.101,0
USDJPY,2023-01-12,131.902,132.021,129.569,131.902,0
USDJPY,2023-01-13,129.172,129.342,127.468,129.172,0
USDJPY,2023-01-16,128.026,128.81,127.254,128.026,0
USDJPY,2023-01-17,128.321,129.116,128.022,128.321,0
USDJPY,2023-01-18,128.281,131.559,127.607,128.281,0
USDJPY,2023-01-19,128.539,128.773,127.777,128.539,0
USDJPY,2023-01-20,128.37,130.604,128.355,128.37,0
USDJPY,2023-01-23,129.385,130.875,129.062,129.354,0
USDJPY,2023-01-24,130.597,131.069,129.744,130.597,0
USDJPY,2023-01-25,130.239,130.568,129.293,130.239,0
USDJPY,2023-01-26,129.237,130.583,129.035,129.237,0
USDJPY,2023-01-27,129.8,130.255,129.546,129.8,0
USDJPY,2023-01-30,129.854,130.461,129.205,129.854,0
USDJPY,2023-01-31,130.479,130.476,129.769,130.479,0
USDJPY,2023-02-01,130.11,130.396,129.21,130.11,0
USDJPY,2023-02-02,128.622,129.091,128.093,128.622,0
USDJPY,2023-02-03,128.746,131.137,128.336,128.746,0
USDJPY,2023-02-06,132.009,132.892,131.591,132.009,0
USDJPY,2023-02-07,132.623,132.622,131.16,132.623,0
USDJPY,2023-02-08,131.042,131.514,130.609,131.042,0
USDJPY,2023-02-09,131.387,131.809,130.352,131.387,0
USDJPY,2023-02-10,131.519,131.832,129.834,131.519,0
USDJPY,2023-02-13,131.551,132.864,131.466,131.551,0
USDJPY,2023-02-14,132.337,133.118,131.662,132.337,0
USDJPY,2023-02-15,132.991,134.324,132.555,132.991,0
USDJPY,2023-02-16,133.903,134.443,133.609,133.903,0
USDJPY,2023-02-17,134.074,135.08,134.072,134.074,0
USDJPY,2023-02-20,134.307,134.53,133.929,134.307,0
USDJPY,2023-02-21,134.336,135.191,134.156,134.336,0
USDJPY,2023-02-22,134.976,135.048,134.383,134.976,0
USDJPY,2023-02-23,134.932,135.343,134.644,134.932,0
USDJPY,2023-02-24,134.628,136.424,134.181,134.628,0
USDJPY,2023-02-27,136.395,136.476,135.929,136.395,0
USDJPY,2023-02-28,136.317,136.909,136.022,136.317,0
USDJPY,2023-03-01,136.348,136.462,135.26,136.348,0
USDJPY,2023-03-02,136.194,137.065,136.088,136.194,0
USDJPY,2023-03-03,136.705,136.74,135.828,136.705,0
USDJPY,2023-03-06,135.87,136.179,135.395,135.86,0
USDJPY,2023-03-07,135.999,136.947,135.581,135.999,0
USDJPY,2023-03-08,137.391,137.896,136.506,137.391,0
USDJPY,2023-03-09,137.226,137.252,135.99,137.226,0
USDJPY,2023-03-10,136.395,136.979,134.172,136.395,0
USDJPY,2023-03-13,134.97,135.02,132.293,134.98,0
USDJPY,2023-03-14,133.114,134.873,133.071,133.114,0
USDJPY,2023-03-15,134.397,135.058,132.252,134.397,0
USDJPY,2023-03-16,132.929,133.458,131.744,132.929,0
USDJPY,2023-03-17,133.368,133.566,131.837,133.368,0
USDJPY,2023-03-20,132.284,132.63,130.558,132.284,0
USDJPY,2023-03-21,131.392,132.437,131.048,131.392,0
USDJPY,2023-03-22,132.348,132.993,132.267,132.348,0
USDJPY,2023-03-23,131.179,131.636,130.448,131.179,0
USDJPY,2023-03-24,130.865,130.919,129.674,130.865,0
USDJPY,2023-03-27,130.846,131.741,130.509,130.846,0
USDJPY,2023-03-28,131.233,131.276,130.446,131.233,0
USDJPY,2023-03-29,131.046,132.698,130.928,131.046,0
USDJPY,2023-03-30,132.576,132.933,132.222,132.576,0
USDJPY,2023-03-31,133.201,133.564,132.726,133.201,0
USDJPY,2023-04-03,133.347,133.731,132.221,133.347,0
USDJPY,2023-04-04,132.299,133.14,131.574,132.299,0
USDJPY,2023-04-05,131.485,131.839,130.684,131.485,0
USDJPY,2023-04-06,130.934,131.853,130.791,130.934,0
USDJPY,2023-04-07,131.669,132.316,131.525,131.669,0
USDJPY,2023-04-10,132.097,133.842,132.014,132.097,0
USDJPY,2023-04-11,133.469,133.666,132.981,133.469,0
USDJPY,2023-04-12,133.594,134.023,132.781,133.594,0
USDJPY,2023-04-13,133.085,133.367,132.03,133.085,0
USDJPY,2023-04-14,132.487,133.756,132.176,132.487,0
USDJPY,2023-04-17,133.971,134.565,133.714,133.971,0
USDJPY,2023-04-18,134.425,134.693,133.868,134.425,0
USDJPY,2023-04-19,134.044,135.047,133.961,134.044,0
USDJPY,2023-04-20,134.704,134.96,134.027,134.704,0
USDJPY,2023-04-21,133.996,134.465,133.555,133.996,0
USDJPY,2023-04-24,133.961,134.725,133.89,133.961,0
USDJPY,2023-04-25,134.084,134.449,133.747,134.084,0
USDJPY,2023-04-26,133.711,133.866,133.026,133.711,0
USDJPY,2023-04-27,133.465,134.182,133.295,133.465,0
USDJPY,2023-04-28,133.802,136.529,133.734,133.802,0
USDJPY,2023-05-01,136.386,137.402,136.263,136.386,0
USDJPY,2023-05-02,137.521,137.765,136.409,137.521,0
USDJPY,2023-05-03,136.466,136.569,135.072,136.466,0
USDJPY,2023-05-04,134.544,134.87,133.686,134.544,0
USDJPY,2023-05-05,134.179,135.085,133.886,134.179,0
USDJPY,2023-05-08,135.199,135.206,134.664,135.199,0
USDJPY,2023-05-09,135.073,135.336,134.737,135.073,0
USDJPY,2023-05-10,135.288,135.456,134.31,135.288,0
USDJPY,2023-05-11,134.087,134.841,133.752,134.087,0
USDJPY,2023-05-12,134.498,135.629,134.402,134.498,0
USDJPY,2023-05-15,135.822,136.312,135.716,135.822,0
USDJPY,2023-05-16,136.045,136.675,135.698,136.045,0
USDJPY,2023-05-17,136.43,137.566,136.304,136.43,0
USDJPY,2023-05-18,137.614,138.659,137.311,137.614,0
USDJPY,2023-05-19,138.62,138.647,137.462,138.62,0
USDJPY,2023-05-22,137.692,138.659,137.504,137.692,0
USDJPY,2023-05-23,138.672,138.876,138.253,138.672,0
USDJPY,2023-05-24,138.598,139.177,138.249,138.598,0
USDJPY,2023-05-25,139.283,139.876,139.206,139.283,0
USDJPY,2023-05-26,140.017,140.681,139.514,140.017,0
USDJPY,2023-05-29,140.871,140.901,140.12,140.871,0
USDJPY,2023-05-30,140.441,140.903,139.58,140.441,0
USDJPY,2023-05-31,139.792,140.341,139.316,139.792,0
USDJPY,2023-06-01,139.127,139.946,138.497,139.127,0
USDJPY,2023-06-02,138.748,139.797,138.61,138.748,0
USDJPY,2023-06-05,140.207,140.445,139.256,140.207,0
USDJPY,2023-06-06,139.383,139.961,139.117,139.383,0
USDJPY,2023-06-07,139.527,140.026,139.043,139.527,0
USDJPY,2023-06-08,139.899,140.09,138.825,139.899,0
USDJPY,2023-06-09,138.863,139.715,138.9,138.863,0
USDJPY,2023-06-12,139.371,139.725,139.071,139.371,0
USDJPY,2023-06-13,139.46,140.107,139.016,139.46,0
USDJPY,2023-06-14,140.177,140.193,139.297,140.177,0
USDJPY,2023-06-15,139.977,141.476,139.96,139.977,0
USDJPY,2023-06-16,140.268,141.866,139.862,140.268,0
USDJPY,2023-06-19,141.867,141.996,141.454,141.867,0
USDJPY,2023-06-20,141.899,142.224,141.245,141.899,0
USDJPY,2023-06-21,141.335,142.329,141.371,141.335,0
USDJPY,2023-06-22,141.688,142.934,141.626,141.688,0
USDJPY,2023-06-23,143.03,143.854,142.762,143.03,0
USDJPY,2023-06-26,143.541,143.682,142.973,143.541,0
USDJPY,2023-06-27,143.46,144.163,143.292,143.46,0
USDJPY,2023-06-28,143.882,144.595,143.736,143.882,0
USDJPY,2023-06-29,144.389,144.892,144.138,144.389,0
USDJPY,2023-06-30,144.78,145.033,144.228,144.78,0
USDJPY,2023-07-03,144.398,144.909,144.023,144.398,0
USDJPY,2023-07-04,144.584,144.673,144.21,144.584,0
USDJPY,2023-07-05,144.406,144.725,144.09,144.406,0
USDJPY,2023-07-06,144.489,144.642,143.583,144.489,0
USDJPY,2023-07-07,143.951,144.193,142.11,143.951,0
USDJPY,2023-07-10,142.209,142.999,141.528,142.209,0
USDJPY,2023-07-11,141.297,141.441,140.165,141.297,0
USDJPY,2023-07-12,140.118,140.074,138.205,140.118,0
USDJPY,2023-07-13,138.315,138.937,138.056,138.315,0
USDJPY,2023-07-14,138.075,139.101,137.315,138.075,0
USDJPY,2023-07-17,138.682,139.394,138.015,138.682,0
USDJPY,2023-07-18,138.729,138.956,137.828,138.729,0
USDJPY,2023-07-19,139.027,139.99,138.876,139.027,0
USDJPY,2023-07-20,139.598,140.403,139.123,139.598,0
USDJPY,2023-07-21,139.864,141.937,139.752,139.864,0
USDJPY,2023-07-24,141.75,141.771,140.886,141.75,0
USDJPY,2023-07-25,141.522,141.69,140.915,141.522,0
USDJPY,2023-07-26,140.913,141.179,140.189,140.913,0
USDJPY,2023-07-27,140.367,141.281,139.398,140.367,0
USDJPY,2023-07-28,138.864,140.957,138.09,138.864,0
USDJPY,2023-07-31,140.758,142.648,140.701,140.758,0
USDJPY,2023-08-01,142.323,143.453,142.29,142.323,0
USDJPY,2023-08-02,142.97,143.46,142.257,142.97,0
USDJPY,2023-08-03,143.344,143.878,142.093,143.344,0
USDJPY,2023-08-04,142.598,142.867,141.557,142.598,0
USDJPY,2023-08-07,141.876,142.488,141.523,141.876,0
USDJPY,2023-08-08,142.524,143.419,142.573,142.524,0
USDJPY,2023-08-09,143.278,143.712,143.014,143.278,0
USDJPY,2023-08-10,143.727,144.483,143.339,143.727,0
USDJPY,2023-08-11,144.854,144.963,144.437,144.854,0
USDJPY,2023-08-14,144.817,145.566,144.751,144.817,0
USDJPY,2023-08-15,145.437,145.858,145.107,145.437,0
USDJPY,2023-08-16,145.608,145.883,145.319,145.608,0
USDJPY,2023-08-17,146.333,146.525,145.638,146.333,0
USDJPY,2023-08-18,145.714,145.774,145.134,145.714,0
USDJPY,2023-08-21,145.305,146.383,145.149,145.305,0
USDJPY,2023-08-22,146.238,146.39,145.502,146.238,0
USDJPY,2023-08-23,145.763,145.813,144.58,145.763,0
USDJPY,2023-08-24,144.673,145.947,144.621,144.673,0
USDJPY,2023-08-25,146.067,146.605,145.734,146.067,0
USDJPY,2023-08-28,146.531,146.716,146.278,146.531,0
USDJPY,2023-08-29,146.464,147.344,145.852,146.464,0
USDJPY,2023-08-30,145.988,146.523,145.558,145.988,0
USDJPY,2023-08-31,146.099,146.191,145.531,146.099,0
USDJPY,2023-09-01,145.473,146.227,144.482,145.473,0
USDJPY,2023-09-04,146.057,146.49,146.041,146.057,0
USDJPY,2023-09-05,146.543,147.716,146.498,146.543,0
USDJPY,2023-09-06,147.471,147.796,147.037,147.471,0
USDJPY,2023-09-07,147.709,147.865,147.057,147.709,0
USDJPY,2023-09-08,147.331,147.742,146.687,147.331,0
USDJPY,2023-09-11,147.113,147.1,145.913,147.113,0
USDJPY,2023-09-12,146.678,147.219,146.473,146.678,0
USDJPY,2023-09-13,147.158,147.615,147.112,147.158,0
USDJPY,2023-09-14,147.346,147.537,147.027,147.346,0
USDJPY,2023-09-15,147.482,147.949,147.341,147.482,0
USDJPY,2023-09-18,147.868,147.861,147.56,147.868,0
USDJPY,2023-09-19,147.605,147.89,147.515,147.605,0
USDJPY,2023-09-20,147.742,148.163,147.623,147.742,0
USDJPY,2023-09-21,148.321,148.448,147.325,148.321,0
USDJPY,2023-09-22,147.644,148.404,147.529,147.644,0
USDJPY,2023-09-25,148.434,148.944,148.285,148.434,0
USDJPY,2023-09-26,148.811,149.176,148.708,148.811,0
USDJPY,2023-09-27,149.045,149.495,148.866,149.045,0
USDJPY,2023-09-28,149.498,149.542,149.164,149.498,0
USDJPY,2023-09-29,149.337,149.446,148.531,149.337,0
USDJPY,2023-10-02,149.54,149.864,149.465,149.54,0
USDJPY,2023-10-03,149.851,150.142,148.712,149.851,0
USDJPY,2023-10-04,149.192,149.306,148.74,149.192,0
USDJPY,2023-10-05,148.966,149.1,148.306,148.966,0
USDJPY,2023-10-06,148.463,149.488,148.465,148.463,0
USDJPY,2023-10-09,149.16,149.218,148.523,149.16,0
USDJPY,2023-10-10,148.327,149.093,148.189,148.327,0
USDJPY,2023-10-11,148.628,149.18,148.438,148.628,0
USDJPY,2023-10-12,149.036,149.782,148.958,149.036,0
USDJPY,2023-10-13,149.79,149.823,149.456,149.79,0
USDJPY,2023-10-16,149.566,149.753,149.378,149.566,0
USDJPY,2023-10-17,149.578,149.789,149.319,149.578,0
USDJPY,2023-10-18,149.759,149.879,149.513,149.759,0
USDJPY,2023-10-19,149.742,149.932,149.707,149.742,0
USDJPY,2023-10-20,149.802,149.992,149.805,149.802,0
USDJPY,2023-10-23,149.88,149.989,149.742,149.88,0
USDJPY,2023-10-24,149.769,149.918,149.335,149.769,0
USDJPY,2023-10-25,149.854,149.97,149.795,149.854,0
USDJPY,2023-10-26,150.098,150.772,150.048,150.098,0
USDJPY,2023-10-27,150.366,150.403,149.554,150.366,0
USDJPY,2023-10-30,149.733,149.846,148.814,149.733,0
USDJPY,2023-10-31,149.111,151.529,149.03,149.111,0
USDJPY,2023-11-01,151.294,151.432,150.824,151.294,0
USDJPY,2023-11-02,150.575,150.588,149.85,150.575,0
USDJPY,2023-11-03,150.497,150.493,149.259,150.497,0
USDJPY,2023-11-06,149.449,149.83,149.382,149.449,0
USDJPY,2023-11-07,149.989,150.687,149.969,149.989,0
USDJPY,2023-11-08,150.396,150.982,150.346,150.396,0
USDJPY,2023-11-09,150.864,151.176,150.798,150.864,0
USDJPY,2023-11-10,151.349,151.559,151.225,151.349,0
USDJPY,2023-11-13,151.469,151.903,151.24,151.469,0
USDJPY,2023-11-14,151.646,151.775,150.697,151.646,0
USDJPY,2023-11-15,150.485,151.232,150.26,150.485,0
USDJPY,2023-11-16,151.215,151.421,150.297,151.215,0
USDJPY,2023-11-17,150.705,150.769,149.215,150.705,0
USDJPY,2023-11-20,149.942,149.969,148.109,149.942,0
USDJPY,2023-11-21,148.362,148.417,147.169,148.362,0
USDJPY,2023-11-22,148.152,149.744,148.094,148.152,0
USDJPY,2023-11-23,149.46,149.687,148.888,149.46,0
USDJPY,2023-11-24,149.635,149.699,149.201,149.635,0
USDJPY,2023-11-27,149.571,149.653,148.674,149.571,0
USDJPY,2023-11-28,148.452,148.796,147.4,148.452,0
USDJPY,2023-11-29,147.063,147.888,146.699,147.063,0
USDJPY,2023-11-30,147.039,148.46,146.886,147.039,0
USDJPY,2023-12-01,147.999,148.314,146.851,147.999,0
USDJPY,2023-12-04,146.393,147.223,146.254,146.393,0
USDJPY,2023-12-05,147.327,147.37,146.594,147.327,0
USDJPY,2023-12-06,147.185,147.487,146.905,147.185,0
USDJPY,2023-12-07,147.184,147.181,143.857,147.184,0
USDJPY,2023-12-08,144.278,145.148,142.523,144.278,0
USDJPY,2023-12-11,144.983,146.553,144.903,144.983,0
USDJPY,2023-12-12,146.085,146.116,144.815,146.085,0
USDJPY,2023-12-13,145.28,145.977,145.062,145.28,0
USDJPY,2023-12-14,142.773,142.873,141.044,142.773,0
USDJPY,2023-12-15,142.279,142.447,141.47,142.279,0
USDJPY,2023-12-18,142.313,143.127,142.076,142.313,0
USDJPY,2023-12-19,142.722,144.935,142.263,142.722,0
USDJPY,2023-12-20,143.889,144.063,143.302,143.889,0
USDJPY,2023-12-21,143.523,143.549,142.06,143.523,0
USDJPY,2023-12-22,142.07,142.646,141.884,142.07,0
USDJPY,2023-12-25,142.342,142.48,142.139,142.342,0
USDJPY,2023-12-26,142.23,142.62,142.108,142.23,0
USDJPY,2023-12-27,142.461,142.832,141.858,142.461,0
USDJPY,2023-12-28,141.399,141.652,140.29,141.399,0
USDJPY,2023-12-29,141.43,141.899,140.829,141.43,0
USDJPY,2024-01-01,140.952,141.025,140.952,140.952,0
USDJPY,2024-01-02,141.126,142.186,141.107,141.126,0
USDJPY,2024-01-03,142.155,143.693,141.869,142.155,0
USDJPY,2024-01-04,142.999,144.832,142.868,142.999,0
USDJPY,2024-01-05,144.765,145.958,143.848,144.765,0
USDJPY,2024-01-08,144.716,144.793,143.67,144.716,0
USDJPY,2024-01-09,144.23,144.432,143.453,144.23,0
USDJPY,2024-01-10,144.428,145.81,144.439,144.428,0
USDJPY,2024-01-11,145.734,146.359,145.279,145.734,0
USDJPY,2024-01-12,145.046,145.511,144.369,145.046,0
USDJPY,2024-01-15,145.149,145.934,145.097,145.149,0
USDJPY,2024-01-16,145.794,147.164,145.591,145.794,0
USDJPY,2024-01-17,147.246,148.502,147.127,147.246,0
USDJPY,2024-01-18,148.118,148.298,147.667,148.118,0
USDJPY,2024-01-19,148.128,148.781,147.85,148.128,0
USDJPY,2024-01-22,148.121,148.276,147.641,148.121,0
USDJPY,2024-01-23,148.142,148.58,147.043,148.142,0
USDJPY,2024-01-24,148.251,148.238,146.676,148.251,0
USDJPY,2024-01-25,147.591,147.858,147.109,147.591,0
USDJPY,2024-01-26,147.723,148.139,147.509,147.723,0
USDJPY,2024-01-29,148.14,148.322,147.606,148.14,0
USDJPY,2024-01-30,147.468,147.902,147.11,147.468,0
USDJPY,2024-01-31,147.369,147.89,146.082,147.369,0
USDJPY,2024-02-01,146.996,147.109,145.921,146.996,0
USDJPY,2024-02-02,146.451,148.562,146.248,146.451,0
USDJPY,2024-02-05,148.501,148.88,148.28,148.501,0
USDJPY,2024-02-06,148.64,148.783,148.006,148.64,0
USDJPY,2024-02-07,147.818,148.245,147.663,147.818,0
USDJPY,2024-02-08,148.086,149.474,147.935,148.086,0
USDJPY,2024-02-09,149.259,149.571,149.059,149.259,0
USDJPY,2024-02-12,149.167,149.476,148.932,149.167,0
USDJPY,2024-02-13,149.405,150.754,149.284,149.405,0
USDJPY,2024-02-14,150.724,150.774,150.363,150.724,0
USDJPY,2024-02-15,150.544,150.559,149.759,150.544,0
USDJPY,2024-02-16,149.946,150.637,149.93,149.946,0
USDJPY,2024-02-19,150.139,150.187,149.883,150.091,0
USDJPY,2024-02-20,150.27,150.434,149.698,150.27,0
USDJPY,2024-02-21,149.939,150.295,149.857,149.939,0
USDJPY,2024-02-22,150.355,150.639,150.016,150.355,0
USDJPY,2024-02-23,150.483,150.762,150.306,150.483,0
USDJPY,2024-02-26,150.497,150.814,150.296,150.498,0
USDJPY,2024-02-27,150.566,150.6,150.128,150.566,0
USDJPY,2024-02-28,150.495,150.837,150.373,150.495,0
USDJPY,2024-02-29,150.656,150.641,149.215,150.656,0
USDJPY,2024-03-01,150.095,150.698,150.069,150.095,0
USDJPY,2024-03-04,150.105,150.566,149.844,150.105,0
USDJPY,2024-03-05,150.466,150.542,149.733,150.466,0
USDJPY,2024-03-06,150.049,150.076,149.139,150.049,0
USDJPY,2024-03-07,149.269,149.259,147.583,149.269,0
USDJPY,2024-03-08,147.868,148.1,146.504,147.868,0
USDJPY,2024-03-11,146.774,147.125,146.495,146.774,0
USDJPY,2024-03-12,146.732,147.956,146.645,146.732,0
USDJPY,2024-03-13,147.619,148.031,147.252,147.619,0
USDJPY,2024-03-14,147.621,148.303,147.509,147.621,0
USDJPY,2024-03-15,148.296,149.158,148.057,148.296,0
USDJPY,2024-03-18,148.955,149.321,148.929,148.955,0
USDJPY,2024-03-19,149.144,150.839,149.117,149.144,0
USDJPY,2024-03-20,151.035,151.791,151.016,151.035,0
USDJPY,2024-03-21,150.76,151.652,150.276,150.76,0
USDJPY,2024-03-22,151.633,151.846,151.026,151.633,0
USDJPY,2024-03-25,151.305,151.43,151.057,151.305,0
USDJPY,2024-03-26,151.373,151.591,151.219,151.373,0
USDJPY,2024-03-27,151.53,151.944,151.038,151.53,0
USDJPY,2024-03-28,151.287,151.539,151.152,151.287,0
USDJPY,2024-03-29,151.44,151.489,151.169,151.44,0
USDJPY,2024-04-01,151.398,151.754,151.258,151.398,0
USDJPY,2024-04-02,151.581,151.787,151.477,151.581,0
USDJPY,2024-04-03,151.54,151.947,151.459,151.54,0
USDJPY,2024-04-04,151.581,151.763,151.512,151.581,0
USDJPY,2024-04-05,151.292,151.743,150.854,151.292,0
USDJPY,2024-04-08,151.69,151.932,151.677,151.69,0
USDJPY,2024-04-09,151.843,151.928,151.579,151.843,0
USDJPY,2024-04-10,151.777,152.926,151.683,151.777,0
USDJPY,2024-04-11,152.964,153.309,152.767,152.964,0
USDJPY,2024-04-12,153.192,153.377,152.617,153.192,0
USDJPY,2024-04-15,153.283,154.436,153.285,153.283,0
USDJPY,2024-04-16,154.206,154.761,154.15,154.206,0
USDJPY,2024-04-17,154.698,154.727,154.461,154.698,0
USDJPY,2024-04-18,154.342,154.641,153.985,154.342,0
USDJPY,2024-04-19,154.61,154.661,153.618,154.61,0
USDJPY,2024-04-22,154.629,154.784,154.587,154.64,0
USDJPY,2024-04-23,154.813,154.871,154.594,154.813,0
USDJPY,2024-04-24,154.744,155.13,154.74,154.744,0
USDJPY,2024-04-25,155.259,155.736,155.259,155.259,0
USDJPY,2024-04-26,155.597,157.666,155.479,155.597,0
USDJPY,2024-04-29,158.224,159.961,154.549,158.224,0
USDJPY,2024-04-30,156.314,157.556,156.204,156.314,0
USDJPY,2024-05-01,157.722,157.982,157.421,157.722,0
USDJPY,2024-05-02,155.704,156.251,153.495,155.704,0
USDJPY,2024-05-03,153.045,153.41,151.881,153.045,0
USDJPY,2024-05-06,153.566,154.005,153.321,153.566,0
USDJPY,2024-05-07,154.237,154.64,153.894,154.237,0
USDJPY,2024-05-08,154.748,155.65,154.694,154.748,0
USDJPY,2024-05-09,155.419,155.947,155.226,155.419,0
USDJPY,2024-05-10,155.389,155.886,155.381,155.389,0
USDJPY,2024-05-13,155.818,156.21,155.596,155.818,0
USDJPY,2024-05-14,156.233,156.671,156.227,156.233,0
USDJPY,2024-05-15,156.498,156.553,154.759,156.498,0
USDJPY,2024-05-16,154.282,155.516,153.59,154.282,0
USDJPY,2024-05-17,155.379,155.975,155.271,155.379,0
USDJPY,2024-05-20,155.754,156.219,155.514,155.754,0
USDJPY,2024-05-21,156.37,156.524,155.872,156.37,0
USDJPY,2024-05-22,156.251,156.605,156.147,156.251,0
USDJPY,2024-05-23,156.704,157.163,156.529,156.704,0
USDJPY,2024-05-24,156.973,157.137,156.868,156.973,0
USDJPY,2024-05-27,156.87,156.955,156.678,156.87,0
USDJPY,2024-05-28,156.845,156.989,156.612,156.845,0
USDJPY,2024-05-29,157.262,157.639,157.022,157.262,0
USDJPY,2024-05-30,157.608,157.627,156.427,157.608,0
USDJPY,2024-05-31,156.953,157.362,156.57,156.953,0
USDJPY,2024-06-03,157.18,157.451,155.971,157.18,0
USDJPY,2024-06-04,156.076,156.479,154.601,156.076,0
USDJPY,2024-06-05,155.124,156.473,155.111,155.124,0
USDJPY,2024-06-06,155.929,156.396,155.407,155.929,0
USDJPY,2024-06-07,155.697,157.067,155.142,155.697,0
USDJPY,2024-06-10,156.833,157.186,156.723,156.833,0
USDJPY,2024-06-11,157.04,157.388,156.811,157.04,0
USDJPY,2024-06-12,157.105,157.365,155.729,157.105,0
USDJPY,2024-06-13,156.8,157.3,156.577,156.8,0
USDJPY,2024-06-14,157.128,158.247,156.9,157.128,0
USDJPY,2024-06-17,157.546,157.952,157.17,157.546,0
USDJPY,2024-06-18,157.7,158.228,157.525,157.7,0
USDJPY,2024-06-19,157.871,157.945,157.613,157.871,0
USDJPY,2024-06-20,157.958,158.772,157.956,157.958,0
USDJPY,2024-06-21,158.931,159.608,158.686,158.931,0
USDJPY,2024-06-24,159.861,159.913,159.018,159.861,0
USDJPY,2024-06-25,159.686,159.75,159.253,159.686,0
USDJPY,2024-06-26,159.686,160.803,159.663,159.686,0
USDJPY,2024-06-27,160.621,160.724,160.314,160.621,0
USDJPY,2024-06-28,160.687,161.241,160.277,160.687,0
USDJPY,2024-07-01,160.907,161.715,160.819,160.907,0
USDJPY,2024-07-02,161.512,161.73,161.285,161.512,0
USDJPY,2024-07-03,161.504,161.942,160.865,161.504,0
USDJPY,2024-07-04,161.621,161.586,160.955,161.621,0
USDJPY,2024-07-05,161.358,161.372,160.446,161.358,0
USDJPY,2024-07-08,160.638,161.107,160.272,160.638,0
USDJPY,2024-07-09,160.857,161.495,160.747,160.857,0
USDJPY,2024-07-10,161.331,161.74,161.3,161.331,0
USDJPY,2024-07-11,161.607,161.747,157.489,161.607,0
USDJPY,2024-07-12,158.201,159.376,157.379,158.201,0
USDJPY,2024-07-15,158.313,158.358,157.754,158.313,0
USDJPY,2024-07-16,158.141,158.841,158.113,158.141,0
USDJPY,2024-07-17,158.35,158.578,156.12,158.35,0
USDJPY,2024-07-18,155.686,156.985,155.497,155.686,0
USDJPY,2024-07-19,157.15,157.855,156.978,157.15,0
USDJPY,2024-07-22,157.422,157.605,156.299,157.422,0
USDJPY,2024-07-23,156.891,156.903,155.829,156.891,0
USDJPY,2024-07-24,155.768,155.977,153.111,155.768,0
USDJPY,2024-07-25,153.891,154.151,151.967,153.891,0
USDJPY,2024-07-26,153.697,154.731,153.262,153.697,0
USDJPY,2024-07-29,154.139,154.337,153.063,154.139,0
USDJPY,2024-07-30,153.833,155.19,153.656,153.833,0
USDJPY,2024-07-31,152.67,153.581,149.664,152.67,0
USDJPY,2024-08-01,149.744,150.857,148.505,149.744,0
USDJPY,2024-08-02,149.201,149.764,146.424,149.201,0
USDJPY,2024-08-05,145.584,145.918,141.697,145.584,0
USDJPY,2024-08-06,145.79,146.257,144.063,145.79,0
USDJPY,2024-08-07,144.732,147.822,144.554,144.732,0
USDJPY,2024-08-08,146.124,147.475,145.471,146.124,0
USDJPY,2024-08-09,147.669,147.736,146.312,147.669,0
USDJPY,2024-08-12,147.042,148.201,146.699,147.042,0
USDJPY,2024-08-13,146.982,147.93,146.911,146.982,0
USDJPY,2024-08-14,146.971,147.552,146.081,146.971,0
USDJPY,2024-08-15,147.253,149.263,147.063,147.253,0
USDJPY,2024-08-16,149.222,149.23,147.639,149.222,0
USDJPY,2024-08-19,147.956,147.959,145.221,147.956,0
USDJPY,2024-08-20,146.699,147.319,145.534,146.699,0
USDJPY,2024-08-21,145.347,146.339,144.981,145.347,0
USDJPY,2024-08-22,145.118,146.47,144.948,145.118,0
USDJPY,2024-08-23,146.202,146.473,144.605,146.202,0
USDJPY,2024-08-26,144.0,144.579,143.46,144.0,0
USDJPY,2024-08-27,144.516,145.153,144.165,144.516,0
USDJPY,2024-08-28,143.975,145.025,143.912,143.975,0
USDJPY,2024-08-29,144.433,145.525,144.283,144.433,0
USDJPY,2024-08-30,144.89,145.962,144.702,144.89,0
USDJPY,2024-09-02,146.381,147.119,145.796,146.381,0
USDJPY,2024-09-03,146.722,147.188,145.168,146.722,0
USDJPY,2024-09-04,145.353,145.538,144.027,145.353,0
USDJPY,2024-09-05,143.324,144.204,142.854,143.324,0
USDJPY,2024-09-06,143.393,143.848,141.765,143.393,0
USDJPY,2024-09-09,142.486,143.786,142.445,142.486,0
USDJPY,2024-09-10,143.177,143.675,142.262,143.177,0
USDJPY,2024-09-11,142.234,142.468,140.718,142.234,0
USDJPY,2024-09-12,142.59,143.011,141.913,142.59,0
USDJPY,2024-09-13,141.499,141.527,140.362,141.499,0
USDJPY,2024-09-16,140.79,140.899,139.578,140.79,0
USDJPY,2024-09-17,140.79,141.85,140.323,140.79,0
USDJPY,2024-09-18,142.015,142.051,141.244,142.015,0
USDJPY,2024-09-19,142.71,143.935,142.065,142.71,0
USDJPY,2024-09-20,142.858,144.476,141.763,142.858,0
USDJPY,2024-09-23,144.004,144.439,143.196,144.004,0
USDJPY,2024-09-24,143.638,144.665,143.412,143.638,0
USDJPY,2024-09-25,142.963,144.588,142.936,142.963,0
USDJPY,2024-09-26,144.683,145.188,144.117,144.683,0
USDJPY,2024-09-27,145.076,146.462,142.454,145.076,0
USDJPY,2024-09-30,142.783,143.356,141.647,142.783,0
USDJPY,2024-10-01,143.71,144.496,143.023,143.71,0
USDJPY,2024-10-02,143.736,146.252,143.532,143.736,0
USDJPY,2024-10-03,146.582,147.21,146.333,146.582,0
USDJPY,2024-10-04,146.84,148.738,145.942,146.84,0
USDJPY,2024-10-07,148.82,148.788,147.863,148.82,0
USDJPY,2024-10-08,148.146,148.351,147.388,148.146,0
USDJPY,2024-10-09,148.159,149.258,148.025,148.159,0
USDJPY,2024-10-10,149.16,149.53,148.418,149.16,0
USDJPY,2024-10-11,148.704,149.263,148.399,148.704,0
USDJPY,2024-10-14,149.334,149.949,149.146,149.334,0
USDJPY,2024-10-15,149.67,149.74,148.853,149.67,0
USDJPY,2024-10-16,149.099,149.735,148.93,149.099,0
USDJPY,2024-10-17,149.576,150.138,149.257,149.576,0
USDJPY,2024-10-18,150.1,150.139,149.515,150.1,0
USDJPY,2024-10-21,149.6,150.487,149.096,149.6,0
USDJPY,2024-10-22,150.605,151.129,150.518,150.605,0
USDJPY,2024-10-23,151.138,153.165,151.152,151.138,0
USDJPY,2024-10-24,152.769,152.768,151.784,152.769,0
USDJPY,2024-10-25,151.783,152.14,151.494,151.783,0
USDJPY,2024-10-28,152.952,153.868,152.421,152.952,0
USDJPY,2024-10-29,153.179,153.84,152.768,153.179,0
USDJPY,2024-10-30,153.274,153.472,152.8,153.274,0
USDJPY,2024-10-31,153.204,153.556,151.922,153.204,0
USDJPY,2024-11-01,151.98,153.002,151.835,151.98,0
USDJPY,2024-11-04,152.287,152.285,151.551,152.287,0
USDJPY,2024-11-05,152.276,152.531,151.796,152.276,0
USDJPY,2024-11-06,151.435,154.65,151.343,151.435,0
USDJPY,2024-11-07,154.32,154.702,152.861,154.32,0
USDJPY,2024-11-08,153.18,153.353,152.171,153.18,0
USDJPY,2024-11-11,152.904,153.944,152.87,152.904,0
USDJPY,2024-11-12,153.48,154.76,153.411,153.48,0
USDJPY,2024-11-13,154.655,155.292,154.35,154.655,0
USDJPY,2024-11-14,155.429,156.238,155.426,155.429,0
USDJPY,2024-11-15,156.468,156.746,154.53,156.468,0
USDJPY,2024-11-18,154.664,155.34,153.864,154.664,0
USDJPY,2024-11-19,154.617,154.645,153.397,154.617,0
USDJPY,2024-11-20,154.718,155.872,154.612,154.718,0
USDJPY,2024-11-21,155.295,155.27,153.952,155.295,0
USDJPY,2024-11-22,154.218,154.979,153.975,154.218,0
USDJPY,2024-11-25,154.146,154.696,153.55,154.146,0
USDJPY,2024-11-26,154.378,154.374,153.025,154.378,0
USDJPY,2024-11-27,153.009,153.007,150.527,153.009,0
USDJPY,2024-11-28,151.336,151.941,151.289,151.336,0
USDJPY,2024-11-29,151.174,151.185,149.59,151.174,0
USDJPY,2024-12-02,149.816,150.74,149.118,149.898,0
USDJPY,2024-12-03,149.508,150.215,148.651,149.508,0
USDJPY,2024-12-04,149.647,151.217,149.537,149.647,0
USDJPY,2024-12-05,150.567,150.684,149.665,150.567,0
USDJPY,2024-12-06,150.207,150.683,149.42,150.207,0
USDJPY,2024-12-09,149.931,151.249,149.697,150.03,0
USDJPY,2024-12-10,151.408,152.167,150.911,151.408,0
USDJPY,2024-12-11,151.807,152.77,151.198,151.807,0
USDJPY,2024-12-12,152.245,152.768,151.836,152.245,0
USDJPY,2024-12-13,152.587,153.771,152.6,152.587,0
USDJPY,2024-12-16,153.453,154.474,153.326,153.453,0
USDJPY,2024-12-17,154.086,154.328,153.4,154.086,0
USDJPY,2024-12-18,153.572,154.073,153.338,153.572,0
USDJPY,2024-12-19,154.673,157.791,154.463,154.673,0
USDJPY,2024-12-20,157.644,157.873,156.103,157.644,0
USDJPY,2024-12-23,156.533,157.26,156.336,156.533,0
USDJPY,2024-12-24,157.165,157.377,156.9,157.165,0
USDJPY,2024-12-25,157.107,157.861,146.202,157.107,0
USDJPY,2024-12-26,157.133,158.075,157.08,157.133,0
USDJPY,2024-12-27,157.748,157.915,157.352,157.748,0
USDJPY,2024-12-30,157.873,158.059,156.668,157.873,0
USDJPY,2024-12-31,156.995,157.41,156.043,156.995,0
USDJPY,2025-01-02,157.719,157.765,156.449,157.719,0
USDJPY,2025-01-03,157.362,157.481,157.028,157.362,0
USDJPY,2025-01-06,157.481,157.95,156.274,157.481,0
USDJPY,2025-01-07,157.743,158.421,157.39,157.743,0
USDJPY,2025-01-08,158.236,158.543,157.902,158.236,0
USDJPY,2025-01-09,158.192,158.304,157.581,158.192,0
USDJPY,2025-01-10,158.048,158.857,157.225,158.048,0
USDJPY,2025-01-13,157.887,157.955,156.909,157.887,0
USDJPY,2025-01-14,157.364,158.122,157.149,157.364,0
USDJPY,2025-01-15,158.05,158.082,155.969,158.05,0
USDJPY,2025-01-16,156.255,156.504,155.119,156.255,0
USDJPY,2025-01-17,155.356,156.365,154.983,155.356,0
USDJPY,2025-01-20,156.306,156.457,155.423,156.306,0
USDJPY,2025-01-21,155.249,156.161,154.798,155.249,0
USDJPY,2025-01-22,155.774,156.635,155.385,155.774,0
USDJPY,2025-01-23,156.44,156.747,155.874,156.44,0
USDJPY,2025-01-24,156.155,156.568,154.862,156.155,0
USDJPY,2025-01-27,155.744,156.226,153.725,155.744,0
USDJPY,2025-01-28,154.909,155.971,154.807,154.909,0
USDJPY,2025-01-29,155.559,155.777,154.973,155.559,0
USDJPY,2025-01-30,155.17,155.176,153.802,155.17,0
USDJPY,2025-01-31,154.097,154.994,153.932,154.097,0
USDJPY,2025-02-03,155.363,155.864,154.019,155.363,0
USDJPY,2025-02-04,155.277,155.491,154.474,155.277,0
USDJPY,2025-02-05,154.133,154.349,152.117,154.133,0
USDJPY,2025-02-06,152.606,152.861,151.684,152.606,0
USDJPY,2025-02-07,151.193,152.277,150.944,151.193,0
USDJPY,2025-02-10,151.846,152.525,151.579,151.846,0
USDJPY,2025-02-11,151.759,152.579,151.687,151.759,0
USDJPY,2025-02-12,152.739,154.792,152.739,152.739,0
USDJPY,2025-02-13,154.255,154.647,152.932,154.255,0
USDJPY,2025-02-14,152.989,153.079,152.029,152.989,0
USDJPY,2025-02-17,152.023,152.095,151.338,152.023,0
USDJPY,2025-02-18,151.444,152.207,151.436,151.444,0
USDJPY,2025-02-19,151.931,152.298,151.255,151.931,0
USDJPY,2025-02-20,151.22,151.209,149.492,151.22,0
USDJPY,2025-02-21,149.408,150.735,149.411,149.408,0
USDJPY,2025-02-24,149.387,149.86,148.844,149.387,0
USDJPY,2025-02-25,149.864,150.287,148.596,149.864,0
USDJPY,2025-02-26,149.078,149.885,148.658,149.078,0
USDJPY,2025-02-27,148.838,150.147,148.802,148.838,0
USDJPY,2025-02-28,150.012,150.965,149.107,150.012,0
USDJPY,2025-03-03,150.771,151.299,149.949,150.771,0
USDJPY,2025-03-04,149.305,149.557,148.103,149.305,0
USDJPY,2025-03-05,149.799,150.179,148.42,149.799,0
USDJPY,2025-03-06,148.898,149.314,147.328,148.898,0
USDJPY,2025-03-07,148.108,148.137,146.99,148.108,0
USDJPY,2025-03-10,147.608,147.783,146.638,147.608,0
USDJPY,2025-03-11,147.069,148.114,146.547,147.069,0
USDJPY,2025-03-12,148.042,149.186,147.848,148.042,0
USDJPY,2025-03-13,148.279,148.36,147.588,148.279,0
USDJPY,2025-03-14,147.949,148.996,147.85,147.949,0
USDJPY,2025-03-17,148.598,149.08,148.288,148.598,0
USDJPY,2025-03-18,149.379,149.933,149.259,149.379,0
USDJPY,2025-03-19,149.452,150.142,149.155,149.452,0
USDJPY,2025-03-20,148.49,148.942,148.18,148.49,0
USDJPY,2025-03-21,148.596,149.651,148.597,148.596,0
USDJPY,2025-03-24,149.677,150.743,149.47,149.677,0
USDJPY,2025-03-25,150.774,150.935,149.552,150.774,0
USDJPY,2025-03-26,149.95,150.742,149.851,149.95,0
USDJPY,2025-03-27,150.473,151.083,150.065,150.473,0
USDJPY,2025-03-28,150.847,151.2,149.923,150.847,0
USDJPY,2025-03-31,149.617,149.953,148.71,149.617,0
USDJPY,2025-04-01,149.913,149.98,148.977,149.913,0
USDJPY,2025-04-02,149.783,150.076,149.111,149.783,0
USDJPY,2025-04-03,147.872,148.318,145.339,147.872,0
USDJPY,2025-04-04,146.231,146.5,144.602,146.231,0
USDJPY,2025-04-07,145.433,147.962,145.095,145.433,0
USDJPY,2025-04-08,147.789,147.935,146.682,147.789,0
USDJPY,2025-04-09,145.845,145.885,144.045,145.845,0
USDJPY,2025-04-10,147.399,147.435,144.067,147.399,0
USDJPY,2025-04-11,143.747,144.11,142.101,143.747,0
USDJPY,2025-04-14,143.696,144.047,142.265,143.696,0
USDJPY,2025-04-15,143.221,143.579,142.612,143.221,0
USDJPY,2025-04-16,143.181,143.158,142.071,143.181,0
USDJPY,2025-04-17,141.928,143.02,141.915,141.928,0
USDJPY,2025-04-22,140.876,141.14,139.892,140.876,0
USDJPY,2025-04-23,142.688,142.752,141.531,142.688,0
USDJPY,2025-04-24,143.223,143.333,142.308,143.223,0
USDJPY,2025-04-25,142.879,144.023,142.844,142.879,0
USDJPY,2025-04-28,143.841,143.864,142.645,143.841,0
USDJPY,2025-04-29,142.178,142.757,142.022,142.178,0
USDJPY,2025-04-30,142.299,143.143,142.171,142.299,0
USDJPY,2025-05-01,143.009,145.634,142.89,143.009,0
USDJPY,2025-05-02,145.448,145.906,143.738,145.448,0
USDJPY,2025-05-05,144.624,144.777,143.544,144.624,0
USDJPY,2025-05-06,143.654,144.25,142.363,143.654,0
USDJPY,2025-05-07,143.035,143.508,142.768,143.035,0
USDJPY,2025-05-08,143.848,145.554,143.468,143.848,0
USDJPY,2025-05-09,146.015,146.166,144.849,146.015,0
USDJPY,2025-05-12,145.812,148.582,145.718,145.812,0
USDJPY,2025-05-13,148.31,148.245,147.656,148.31,0
USDJPY,2025-05-14,147.528,147.646,145.629,147.528,0
USDJPY,2025-05-15,146.65,146.721,145.416,146.65,0
USDJPY,2025-05-16,145.613,146.057,144.932,145.613,0
USDJPY,2025-05-19,145.298,145.339,144.658,145.298,0
USDJPY,2025-05-20,144.975,145.449,144.097,144.975,0
USDJPY,2025-05-21,144.328,144.347,143.459,144.328,0
USDJPY,2025-05-22,143.755,144.045,142.828,143.755,0
USDJPY,2025-05-23,143.858,144.01,142.469,143.858,0
USDJPY,2025-05-26,142.867,143.033,142.234,142.867,0
USDJPY,2025-05-27,142.655,144.449,142.131,142.655,0
USDJPY,2025-05-28,144.177,145.064,143.869,144.177,0
USDJPY,2025-05-29,145.697,146.251,144.067,145.697,0
USDJPY,2025-05-30,143.779,144.401,143.444,143.779,0
USDJPY,2025-06-02,143.815,143.797,142.546,143.815,0
USDJPY,2025-06-03,142.452,143.973,142.423,142.452,0
USDJPY,2025-06-04,143.837,144.349,142.903,143.837,0
USDJPY,2025-06-05,142.732,143.948,142.587,142.732,0
USDJPY,2025-06-06,143.542,145.075,143.545,143.542,0
USDJPY,2025-06-09,144.691,144.941,143.984,144.691,0
USDJPY,2025-06-10,144.54,145.288,144.41,144.54,0
USDJPY,2025-06-11,144.838,145.413,144.377,144.838,0
USDJPY,2025-06-12,144.203,144.325,143.206,144.203,0
USDJPY,2025-06-13,143.194,144.464,142.817,143.194,0
USDJPY,2025-06-16,144.091,144.571,143.66,144.091,0
USDJPY,2025-06-17,144.729,145.263,144.414,144.729,0
USDJPY,2025-06-18,145.376,145.438,144.55,145.376,0
USDJPY,2025-06-19,144.955,145.765,144.748,144.955,0
USDJPY,2025-06-20,145.218,145.953,145.147,145.218,0
USDJPY,2025-06-23,146.224,148.002,146.141,146.224,0
USDJPY,2025-06-24,145.928,145.899,144.526,145.928,0
USDJPY,2025-06-25,144.957,145.949,144.628,144.957,0
USDJPY,2025-06-26,144.904,144.935,143.771,144.904,0
USDJPY,2025-06-27,144.694,144.931,144.196,144.694,0
USDJPY,2025-06-30,144.517,144.726,143.798,144.517,0
USDJPY,2025-07-01,143.8,143.924,142.695,143.8,0
USDJPY,2025-07-02,143.402,144.221,143.375,143.402,0
USDJPY,2025-07-03,143.526,145.216,143.455,143.526,0
USDJPY,2025-07-04,144.682,144.78,144.193,144.682,0
USDJPY,2025-07-07,144.498,145.888,144.234,144.498,0
USDJPY,2025-07-08,145.892,146.964,145.85,145.892,0
USDJPY,2025-07-09,146.849,147.172,146.271,146.849,0
USDJPY,2025-07-10,146.114,146.763,145.765,146.114,0
USDJPY,2025-07-11,146.288,147.492,146.262,146.288,0
USDJPY,2025-07-14,147.295,147.708,146.881,147.295,0
USDJPY,2025-07-15,147.792,149.013,147.552,147.792,0
USDJPY,2025-07-16,148.761,149.167,146.967,148.761,0
USDJPY,2025-07-17,148.003,149.014,148.006,148.003,0
USDJPY,2025-07-18,148.442,148.883,148.214,148.442,0
USDJPY,2025-07-21,148.431,148.551,147.257,148.431,0
USDJPY,2025-07-22,147.409,147.93,146.345,147.409,0
USDJPY,2025-07-23,146.785,147.185,146.136,146.785,0
USDJPY,2025-07-24,146.349,146.945,145.856,146.349,0
USDJPY,2025-07-25,147.005,147.923,146.864,147.005,0
USDJPY,2025-07-28,147.813,148.484,147.525,147.813,0
USDJPY,2025-07-29,148.479,148.799,148.17,148.479,0
USDJPY,2025-07-30,148.442,149.096,147.811,148.442,0
USDJPY,2025-07-31,149.226,150.626,148.601,149.226,0
USDJPY,2025-08-01,150.772,150.915,147.681,150.772,0
USDJPY,2025-08-04,147.343,148.067,146.878,147.343,0
USDJPY,2025-08-05,146.793,147.827,146.617,146.793,0
USDJPY,2025-08-06,147.56,147.874,147.229,147.56,0
USDJPY,2025-08-07,147.193,147.694,146.7,147.193,0
USDJPY,2025-08-08,146.837,147.88,146.77,146.837,0
USDJPY,2025-08-11,147.664,148.099,147.353,147.664,0
USDJPY,2025-08-12,148.125,148.505,147.606,148.125,0
USDJPY,2025-08-13,147.758,148.161,147.104,147.758,0
USDJPY,2025-08-14,147.12,147.798,146.222,147.12,0
USDJPY,2025-08-15,147.691,147.713,146.756,147.691,0
USDJPY,2025-08-18,147.264,147.981,147.127,147.264,0
USDJPY,2025-08-19,147.916,148.093,147.546,147.916,0
USDJPY,2025-08-20,147.731,147.81,146.885,147.731,0
USDJPY,2025-08-21,147.318,148.369,147.262,147.318,0
USDJPY,2025-08-22,148.386,148.766,146.588,148.386,0
USDJPY,2025-08-25,147.215,147.667,147.099,147.215,0
USDJPY,2025-08-26,147.822,147.895,147.004,147.822,0
USDJPY,2025-08-27,147.462,148.166,147.402,147.462,0
USDJPY,2025-08-28,147.316,147.466,146.807,147.316,0
USDJPY,2025-08-29,146.79,147.389,146.77,146.79,0
USDJPY,2025-09-01,147.097,147.371,146.789,147.097,0
USDJPY,2025-09-02,147.084,148.933,147.093,147.084,0
USDJPY,2025-09-03,148.548,149.116,147.953,148.548,0
USDJPY,2025-09-04,147.98,148.77,147.839,147.98,0
USDJPY,2025-09-05,148.375,148.428,146.824,148.375,0
USDJPY,2025-09-08,148.344,148.546,147.471,148.344,0
USDJPY,2025-09-09,147.364,147.415,146.327,147.364,0
USDJPY,2025-09-10,147.392,147.596,147.128,147.392,0
USDJPY,2025-09-11,147.332,147.982,147.006,147.332,0
USDJPY,2025-09-12,147.224,148.052,147.168,147.224,0
USDJPY,2025-09-15,147.666,147.681,147.237,147.666,0
USDJPY,2025-09-16,147.405,147.537,146.507,147.405,0
USDJPY,2025-09-17,146.413,146.681,146.217,146.413,0
USDJPY,2025-09-18,146.891,148.257,146.865,146.891,0
USDJPY,2025-09-19,147.947,148.248,147.21,147.947,0
USDJPY,2025-09-22,148.095,148.37,147.737,148.095,0
USDJPY,2025-09-23,147.725,147.92,147.51,147.725,0
USDJPY,2025-09-24,147.613,148.769,147.514,147.613,0
USDJPY,2025-09-25,148.751,149.823,148.562,148.751,0
USDJPY,2025-09-26,149.861,149.935,149.425,149.861,0
USDJPY,2025-09-29,149.405,149.404,148.468,149.405,0
USDJPY,2025-09-30,148.595,148.811,147.659,148.595,0
USDJPY,2025-10-01,147.997,148.22,146.609,147.997,0
USDJPY,2025-10-02,147.083,147.509,146.609,147.083,0
USDJPY,2025-10-03,147.15,147.811,147.171,147.15,0
USDJPY,2025-10-06,149.606,150.467,149.481,149.606,0
USDJPY,2025-10-07,150.331,151.2,150.248,150.331,0
USDJPY,2025-10-08,152.051,152.991,152.097,152.051,0
USDJPY,2025-10-09,152.68,153.212,152.192,152.68,0
USDJPY,2025-10-10,152.965,153.15,151.526,152.965,0
USDJPY,2025-10-13,152.056,152.441,151.735,152.056,0
USDJPY,2025-10-14,152.434,152.593,151.657,152.434,0
USDJPY,2025-10-15,151.731,151.822,150.914,151.731,0
USDJPY,2025-10-16,150.974,151.392,150.522,150.974,0
USDJPY,2025-10-17,150.12,150.585,149.407,150.12,0
USDJPY,2025-10-20,150.9,151.199,150.286,150.9,0
USDJPY,2025-10-21,150.774,152.16,150.492,150.774,0
USDJPY,2025-10-22,151.893,152.027,151.507,151.893,0
USDJPY,2025-10-23,151.954,152.786,151.975,151.954,0
USDJPY,2025-10-24,152.602,153.056,152.347,152.602,0
USDJPY,2025-10-27,153.061,153.243,152.577,153.061,0
USDJPY,2025-10-28,152.692,152.729,151.756,152.692,0
USDJPY,2025-10-29,151.731,152.514,151.549,151.731,0
USDJPY,2025-10-30,152.722,154.441,152.185,152.722,0
USDJPY,2025-10-31,153.9,154.376,153.656,153.9,0
USDJPY,2025-11-03,154.195,154.284,153.947,154.195,0
USDJPY,2025-11-04,154.204,154.462,153.322,154.204,0
USDJPY,2025-11-05,153.557,154.352,152.981,153.557,0
USDJPY,2025-11-06,154.073,154.132,152.977,154.073,0
USDJPY,2025-11-07,152.948,153.517,152.853,152.948,0
USDJPY,2025-11-10,153.545,154.235,153.545,153.817,0
USDJPY,2025-11-11,154.164,154.465,153.67,154.146,0
USDJPY,2025-11-12,154.053,155.019,154.053,154.075,0
USDJPY,2025-11-13,154.703,154.985,154.148,154.713,0
USDJPY,2025-11-14,154.629,154.747,153.65,154.633,0
USDJPY,2025-11-17,154.618,155.295,154.414,154.585,0
USDJPY,2025-11-18,155.25,155.495,154.835,155.273,0
USDJPY,2025-11-19,155.524,156.699,155.22,155.548,0
USDJPY,2025-11-20,156.992,157.887,156.879,156.992,0
USDJPY,2025-11-21,157.383,157.527,156.225,157.369,0
USDJPY,2025-11-24,156.662,157.17,156.499,156.688,0
USDJPY,2025-11-25,156.878,156.97,155.914,156.939,0
USDJPY,2025-11-26,156.169,156.722,155.671,156.23,0
USDJPY,2025-11-27,156.212,156.401,155.722,156.239,0
USDJPY,2025-11-28,156.287,156.574,155.978,156.284,0
USDJPY,2025-12-01,155.887,155.911,154.686,155.928,0
USDJPY,2025-12-02,155.547,156.171,155.459,155.557,0
USDJPY,2025-12-03,155.749,155.795,155.01,155.807,0
USDJPY,2025-12-04,155.097,155.53,154.519,155.107,0
USDJPY,2025-12-05,155.102,155.482,154.352,155.142,0
USDJPY,2025-12-08,155.303,155.975,154.903,155.34,0
USDJPY,2025-12-09,155.839,156.915,155.75,155.844,0
USDJPY,2025-12-10,156.798,156.918,156.323,156.838,0
USDJPY,2025-12-11,155.744,156.144,154.945,155.79,0
USDJPY,2025-12-12,155.477,156.122,155.461,155.567,0
USDJPY,2025-12-15,155.859,155.968,154.85,155.888,0
USDJPY,2025-12-16,155.024,155.111,154.47,155.015,0
USDJPY,2025-12-17,154.768,155.627,154.514,154.778,0
USDJPY,2025-12-18,155.48,155.965,155.289,155.495,0
USDJPY,2025-12-19,155.568,157.487,155.568,155.586,0
USDJPY,2025-12-22,157.609,157.649,156.865,157.676,0
USDJPY,2025-12-23,156.911,156.911,155.664,156.877,0
USDJPY,2025-12-24,156.165,156.252,155.572,156.176,0
USDJPY,2025-12-26,156.17,156.638,155.995,156.09,0
USDJPY,2025-12-29,156.275,156.5,155.928,156.463,0
USDJPY,2025-12-30,155.932,156.548,155.742,156.013,0
USDJPY,2025-12-31,156.367,156.989,156.331,156.413,0
USDJPY,2026-01-02,156.737,156.992,156.51,156.731,0
USDJPY,2026-01-05,156.966,157.292,156.315,156.989,0
USDJPY,2026-01-06,156.586,156.783,156.159,156.626,0
USDJPY,2026-01-07,156.657,156.794,156.299,156.68,0
USDJPY,2026-01-08,156.693,157.06,156.467,156.731,0
USDJPY,2026-01-09,156.896,158.161,156.885,156.88,0
USDJPY,2026-01-12,158.123,158.188,157.521,158.149,0
USDJPY,2026-01-13,157.996,159.187,157.965,157.986,0
USDJPY,2026-01-14,159.179,159.438,158.11,159.179,0
USDJPY,2026-01-15,158.436,158.875,158.223,158.402,0
USDJPY,2026-01-16,158.572,158.676,157.821,158.596,0
USDJPY,2026-01-19,157.567,158.148,157.425,157.535,0
USDJPY,2026-01-20,158.18,158.592,157.566,158.177,0
USDJPY,2026-01-21,158.156,158.297,157.75,158.162,0
USDJPY,2026-01-22,158.457,158.875,158.203,158.456,0
USDJPY,2026-01-23,158.488,159.207,157.392,158.501,0
USDJPY,2026-01-26,155.187,155.326,153.353,155.166,0
USDJPY,2026-01-27,154.349,154.869,152.891,154.336,0
USDJPY,2026-01-28,152.519,153.766,152.33,152.453,0
USDJPY,2026-01-29,153.124,153.506,152.759,153.096,0
USDJPY,2026-01-30,153.147,154.746,153.085,153.162,0
USDJPY,2026-02-02,155.135,155.685,154.569,155.202,0
USDJPY,2026-02-03,155.503,156.07,155.312,155.443,0
USDJPY,2026-02-04,155.815,156.845,155.815,155.799,0
USDJPY,2026-02-05,156.904,157.328,156.563,156.917,0
USDJPY,2026-02-06,156.771,157.131,156.539,156.784,0
USDJPY,2026-02-09,157.255,157.255,155.532,157.244,0
USDJPY,2026-02-10,156.122,156.285,154.074,156.132,0
USDJPY,2026-02-11,154.502,154.546,152.824,154.482,0
USDJPY,2026-02-12,153.239,153.738,152.278,153.269,0
USDJPY,2026-02-13,152.757,153.655,152.745,152.821,0
USDJPY,2026-02-16,152.788,153.619,152.77,152.779,0
USDJPY,2026-02-17,153.55,153.887,152.701,153.609,0
USDJPY,2026-02-18,153.116,154.479,153.063,153.149,0
USDJPY,2026-02-19,154.684,155.312,154.538,154.693,0
USDJPY,2026-02-20,155.174,155.625,154.719,155.16,0
USDJPY,2026-02-23,154.356,155.022,153.995,154.339,0
USDJPY,2026-02-24,154.637,156.242,154.619,154.635,0
USDJPY,2026-02-25,155.912,156.808,155.357,155.88,0
USDJPY,2026-02-26,156.143,156.261,155.746,156.2,0
USDJPY,2026-02-27,155.871,156.217,155.541,155.859,0
USDJPY,2026-03-02,156.608,157.744,156.148,156.633,0
USDJPY,2026-03-03,157.272,157.966,157.153,157.257,0
USDJPY,2026-03-04,157.781,157.845,156.883,157.773,0
USDJPY,2026-03-05,156.971,157.768,156.474,156.983,0
USDJPY,2026-03-06,157.522,158.074,157.412,157.534,0
USDJPY,2026-03-09,158.384,158.894,158.003,158.427,0
USDJPY,2026-03-10,157.856,157.959,157.277,157.848,0
USDJPY,2026-03-11,158.068,158.839,157.87,158.114,0
USDJPY,2026-03-12,159.093,159.284,158.573,159.075,0
USDJPY,2026-03-13,159.21,159.631,159.004,159.206,0
USDJPY,2026-03-16,159.512,159.621,158.854,159.568,0
USDJPY,2026-03-17,159.139,159.487,158.725,159.105,0
USDJPY,2026-03-18,158.89,159.566,158.567,158.889,0
USDJPY,2026-03-19,159.816,159.816,158.074,159.795,0
USDJPY,2026-03-20,157.915,159.257,157.737,157.924,0
USDJPY,2026-03-23,159.14,159.65,158.225,159.234,0
USDJPY,2026-03-24,158.49,158.937,158.409,158.479,0
USDJPY,2026-03-25,158.71,159.225,158.577,158.718,0
USDJPY,2026-03-26,159.401,159.689,159.287,159.384,0
USDJPY,2026-03-27,159.715,160.158,159.456,159.704,0
USDJPY,2026-03-30,160.231,160.231,159.321,160.234,0
USDJPY,2026-03-31,159.754,159.959,158.892,159.841,0
USDJPY,2026-04-01,158.568,158.99,158.279,158.579,0
USDJPY,2026-04-02,158.699,159.742,158.601,158.688,0
USDJPY,2026-04-03,159.456,159.695,159.427,159.491,0
USDJPY,2026-04-06,159.75,159.793,159.317,159.78,0
USDJPY,2026-04-07,159.706,160.015,159.473,159.683,0
USDJPY,2026-04-08,158.648,158.747,157.893,158.716,0
USDJPY,2026-04-09,158.634,159.28,158.634,158.642,0
USDJPY,2026-04-10,159.089,159.364,159.009,159.112,0
USDJPY,2026-04-13,159.697,159.85,159.517,159.68,0
USDJPY,2026-04-14,159.262,159.324,158.603,159.214,0
USDJPY,2026-04-15,158.763,159.153,158.652,158.792,0
USDJPY,2026-04-16,158.783,159.287,158.278,158.809,0
USDJPY,2026-04-17,159.224,159.515,157.612,159.195,0
USDJPY,2026-04-20,159.153,159.177,158.551,159.161,0
USDJPY,2026-04-21,158.854,159.431,158.803,158.844,0
USDJPY,2026-04-22,159.338,159.504,159.104,159.373,0
USDJPY,2026-04-23,159.494,159.776,159.298,159.488,0
USDJPY,2026-04-24,159.742,159.837,159.336,159.747,0
USDJPY,2026-04-27,159.575,159.575,159.09,159.576,0
USDJPY,2026-04-28,159.359,159.784,158.97,159.357,0
USDJPY,2026-04-29,159.545,160.288,159.521,159.552,0
USDJPY,2026-04-30,160.193,160.702,155.551,160.184,0
USDJPY,2026-05-01,156.994,157.309,155.516,156.978,0
USDJPY,2026-05-04,156.9,157.277,155.815,156.846,0
USDJPY,2026-05-05,157.205,157.835,157.121,157.194,0
USDJPY,2026-05-06,157.665,157.889,155.047,157.677,0
USDJPY,2026-05-07,156.511,156.511,156.036,156.508,0
USDJPY,2026-05-08,156.838,156.973,156.446,156.829,0
USDJPY,2026-05-11,156.889,157.169,156.855,156.858,0
USDJPY,2026-05-12,157.27,157.746,156.809,157.231,0
USDJPY,2026-05-13,157.675,157.891,157.579,157.671,0
USDJPY,2026-05-14,157.847,158.183,157.609,157.851,0
USDJPY,2026-05-15,158.348,158.845,158.275,158.731,0
USDJPY,2026-05-18,158.869,159.059,158.64,158.844,0
USDJPY,2026-05-19,158.875,159.242,158.778,158.861,0
USDJPY,2026-05-20,159.053,159.166,158.594,159.035,0
USDJPY,2026-05-21,158.888,159.318,158.818,158.888,0
USDJPY,2026-05-22,158.934,159.235,158.918,159.155,0
USDJPY,2026-05-25,158.942,159.037,158.759,158.946,0
USDJPY,2026-05-26,158.948,159.372,158.907,158.954,0
USDJPY,2026-05-27,159.224,159.518,159.174,159.243,0
USDJPY,2026-05-28,159.574,159.643,159.166,159.568,0
USDJPY,2026-05-29,159.261,159.376,159.099,159.27,0
USDJPY,2026-06-01,159.383,159.749,159.368,159.353,0
USDJPY,2026-06-02,159.64,159.895,159.636,159.636,0
USDJPY,2026-06-03,159.975,159.994,159.512,159.968,0
USDJPY,2026-06-04,159.946,160.021,159.75,159.94,0
USDJPY,2026-06-05,159.919,160.343,159.706,160.293,0
USDJPY,2026-06-08,160.328,160.388,159.906,160.327,0
USDJPY,2026-06-09,160.182,160.299,160.055,160.174,0
USDJPY,2026-06-10,160.382,160.521,160.251,160.384,0
USDJPY,2026-06-11,160.508,160.586,160.427,160.527,0
USDJPY,2026-06-12,160.168,160.369,159.973,160.13,0
USDJPY,2026-06-15,159.916,160.222,159.887,159.955,0
USDJPY,2026-06-16,160.24,160.458,160.058,160.229,0
USDJPY,2026-06-17,160.414,160.422,160.118,160.419,0
USDJPY,2026-06-18,160.55,161.366,160.539,160.6,0
USDJPY,2026-06-19,161.248,161.449,161.006,161.289,0
USDJPY,2026-06-22,161.433,161.914,161.103,161.433,0
USDJPY,2026-06-23,161.547,161.733,161.31,161.57,0
USDJPY,2026-06-24,161.558,161.802,161.531,161.599,0
USDJPY,2026-06-25,161.733,161.935,161.587,161.763,0
USDJPY,2026-06-26,161.79,161.843,161.535,161.805,0
USDJPY,2026-06-29,161.763,161.955,161.719,161.787,0
USDJPY,2026-06-30,161.92,162.651,161.92,161.923,0
USDJPY,2026-07-01,162.66,162.836,162.294,162.628,0
USDJPY,2026-07-02,162.542,162.584,160.688,162.539,0
USDJPY,2026-07-03,161.1,161.524,160.466,161.337,0
USDJPY,2026-07-06,161.487,162.424,161.465,161.452,0
USDJPY,2026-07-07,162.095,162.173,161.688,162.088,0
USDJPY,2026-07-08,162.362,162.698,162.08,162.363,0
USDJPY,2026-07-09,162.51,162.565,162.247,162.539,0
USDJPY,2026-07-10,162.362,162.429,161.276,161.672,0
USDJPY,2026-07-13,161.886,162.393,161.886,161.878,0
USDJPY,2026-07-14,162.413,162.466,161.695,162.429,0
USDJPY,2026-07-15,162.187,162.415,161.967,162.187,0
USDJPY,2026-07-16,162.084,162.469,161.98,162.072,0
USDJPY,2026-07-17,162.353,162.519,162.111,162.353,0
USDJPY,2026-07-20,162.525,162.583,162.271,162.512,0
USDJPY,2026-07-21,162.48,163.031,162.44,162.487,0
USDJPY,2026-07-22,163.168,163.198,162.85,163.186,0
USDJPY,2026-07-23,163.068,163.979,162.994,163.081,0
USDJPY,2026-07-24,163.762,163.94,163.636,163.791,0
USDJPY,2026-07-27,163.588,163.761,163.326,163.611,0
USDJPY,2026-07-28,163.792,163.942,163.644,163.771,0
USDJPY,2026-07-29,163.858,163.883,163.293,163.864,0
USDJPY,2026-07-30,163.253,163.733,157.994,163.3,0
USDJPY,2026-07-31,160.179,160.836,158.668,160.183,0
USDJPY,2026-08-01,159.599,160.878,157.151,157.4,0
USDJPY,2026-08-03,157.698,157.869,155.256,157.582,0
USDJPY,2026-08-04,157.539,157.952,157.231,157.529,0
USDJPY,2026-08-05,157.735,157.863,157.302,157.692,0
USDJPY,2026-08-06,157.664,158.48,157.599,157.6,0
USDJPY,2026-08-07,158.452,158.576,156.652,157.745,0
USDJPY,2026-08-10,157.9,159.046,157.849,157.891,0
USDJPY,2026-08-11,159.154,159.383,159.004,159.156,0
USDJPY,2026-08-12,159.282,159.456,158.719,159.265,0
USDJPY,2026-08-13,159.318,159.476,159.027,159.328,0
USDJPY,2026-08-14,159.427,159.495,158.637,159.426,0
USDJPY,2026-08-15,159.487,159.528,158.595,159.305,0
USDJPY,2026-08-17,159.225,159.402,158.856,159.223,0
USDJPY,2026-08-18,159.329,159.777,159.32,159.34,0
USDJPY,2026-08-19,159.529,159.529,158.052,159.55,0
USDJPY,2026-08-20,158.255,158.958,158.176,158.276,0
USDJPY,2026-08-21,159.051,159.134,158.347,158.94,0
USDJPY,2026-08-24,158.865,159.279,158.715,158.904,0
USDJPY,2026-08-25,159.135,159.485,159.102,159.139,0
USDJPY,2026-08-26,159.225,159.438,158.88,159.223,0
USDJPY,2026-08-27,159.251,159.51,159.116,159.255,0
USDJPY,2026-08-28,159.375,160.202,159.292,160.038,0
USDJPY,2026-08-31,160.099,160.099,159.477,160.122,0
USDJPY,2026-09-01,159.772,160.202,159.639,159.747,0
USDJPY,2026-09-02,160.203,160.383,158.36,160.196,0
USDJPY,2026-09-03,158.9,158.942,155.345,158.923,0
USDJPY,2026-09-04,155.825,156.752,155.282,156.221,0
